=~=~=~=~=~=~=~=~=~=~=~= PuTTY log 2025.04.17 10:30:03 =~=~=~=~=~=~=~=~=~=~=~=
8167 631 1023 375
8268 631 1023 376
8369 631 1023 377
8470 631 1023 377
8570 631 1023 376
8672 631 1023 377
8772 631 1023 377
8873 631 1023 376
8974 631 1023 376
9075 631 1023 376
9176 631 1023 375
9277 631 1023 375
9377 631 1023 376
9479 631 1023 375
9579 631 1023 374
9680 631 1023 375
9781 631 1023 373
9882 631 1023 373
9982 631 1023 373
10084 631 1023 373
10184 631 1023 373
10286 631 1023 373
10386 631 1023 373
10487 631 1023 373
10588 631 1023 373
10689 631 1023 374
10789 631 1023 374
10891 631 1023 374
10991 631 1023 374
11092 631 1023 375
11193 631 1023 374
11294 631 1023 374
11395 631 1023 373
11496 631 1023 373
11596 631 1023 373
11698 631 1023 374
11798 631 1023 374
11899 631 1023 374
12000 631 1023 373
12101 631 1023 373
12201 631 1023 374
12303 631 1023 373
12403 631 1023 374
12505 631 1023 375
12605 631 1023 374
12706 632 1023 374
12807 631 1023 374
12908 631 1023 372
13008 631 1023 375
13110 631 1023 377
13210 631 1023 377
13312 631 1023 377
13412 631 1023 376
13513 631 1023 376
13615 631 1023 374
13715 631 1023 375
13816 632 1023 373
13917 631 1023 373
14018 631 1023 375
14118 631 1023 370
14220 631 1023 374
14320 631 1023 372
14422 631 1023 373
14522 631 1023 214
14623 631 1023 378
14724 631 1023 376
14825 631 1023 0
14925 631 1023 378
15027 632 1023 376
15127 631 1023 0
15228 631 1023 374
15329 631 1023 375
15430 632 1023 159
15531 632 1023 375
15632 632 1023 363
15732 632 1023 372
15834 633 1023 356
15934 634 1023 364
16035 635 1023 381
16136 635 1023 375
16237 635 1023 374
16337 636 1023 385
16439 636 1023 381
16539 637 1023 376
16641 637 1023 383
16741 637 1023 364
16842 638 1023 327
16943 638 1023 386
17044 639 1023 363
17144 640 1023 377
17246 640 1023 369
17346 641 1023 375
17447 639 1023 364
17548 637 1023 372
17649 636 1023 372
17750 635 1023 372
17851 634 1023 370
17951 633 1023 372
18053 633 1023 373
18154 633 1023 373
18254 632 1023 373
18356 632 1023 372
18456 632 1023 373
18557 632 1023 373
18658 632 1023 372
18759 632 1023 371
18860 632 1023 371
18961 632 1023 372
19061 632 1023 372
19163 632 1023 372
19263 632 1023 373
19364 632 1023 372
19465 632 1023 372
19566 631 1023 373
19666 632 1023 373
19768 632 1023 373
19868 632 1023 373
19970 632 1023 375
20070 632 1023 374
20171 631 1023 375
20272 632 1023 375
20373 632 1023 375
20473 632 1023 375
20575 632 1023 375
20675 632 1023 376
20776 632 1023 375
20877 631 1023 375
20978 631 1023 375
21079 632 1023 374
21180 631 1023 375
21280 631 1023 375
21382 631 1023 374
21483 632 1023 374
21583 632 1023 374
21685 631 1023 377
21785 632 1023 376
21886 631 1023 368
21987 631 1023 375
22088 632 1023 377
22189 631 1023 375
22290 631 1023 371
22390 631 1023 383
22492 631 1023 379
22592 632 1018 378
22693 631 1002 374
22794 631 958 374
22895 632 912 370
22995 631 883 379
23097 631 854 371
23197 631 845 370
23299 631 835 380
23399 631 844 372
23500 631 982 358
23601 631 1023 381
23702 631 1023 377
23802 631 1023 380
23904 631 1023 371
24004 631 1023 379
24105 631 1023 380
24206 631 1023 374
24307 631 1023 373
24408 631 1023 375
24509 631 1023 374
24609 631 1023 373
24711 631 1023 373
24811 631 1023 374
24912 631 1023 375
25013 631 1023 373
25114 631 1023 375
25214 631 1023 375
25316 631 1023 374
25416 631 1023 373
25518 631 1023 375
25618 631 1023 375
25719 631 1023 373
25821 631 1023 376
25921 631 1023 377
26022 631 1023 371
26123 631 1023 374
26224 631 1023 381
26324 631 1023 378
26426 631 1014 377
26526 631 967 379
26628 631 939 388
26728 631 920 373
26829 631 881 376
26930 631 855 380
27031 631 846 374
27131 631 854 376
27233 631 849 372
27333 631 851 375
27435 631 841 369
27535 631 836 375
27636 631 831 371
27737 631 829 374
27838 631 835 376
27938 631 828 379
28040 631 829 374
28140 631 833 379
28241 631 824 381
28342 631 816 376
28443 631 808 374
28544 631 801 383
28645 631 792 375
28745 631 784 377
28847 631 781 375
28947 631 790 380
29048 631 959 377
29149 631 1023 388
29250 631 1023 374
29350 631 1023 372
29452 631 1023 378
29552 631 1023 375
29654 631 1023 376
29754 631 1023 375
29855 631 1023 375
29956 631 1023 374
30057 631 1023 375
30157 631 1023 375
30259 631 1023 375
30359 631 1023 374
30460 631 1023 375
30561 631 1023 374
30662 631 1023 374
30763 631 1023 376
30864 631 1023 374
30964 631 1023 374
31066 631 1023 375
31166 631 1023 369
31267 631 1023 376
31368 631 1023 375
31469 631 1023 376
31569 631 1023 374
3