=~=~=~=~=~=~=~=~=~=~=~= PuTTY log 2025.04.17 09:48:28 =~=~=~=~=~=~=~=~=~=~=~=
5647 635 1023 375
5747 635 1023 375
5849 635 1023 374
5949 635 1023 376
6050 635 1023 374
6151 635 1023 374
6252 635 1023 374
6352 635 1023 374
6454 635 1023 375
6554 635 1023 374
6656 635 1023 374
6756 635 1023 374
6856 635 1023 375
6958 635 1023 376
7058 634 1023 375
7159 635 1023 376
7260 635 1023 376
7361 635 1023 375
7461 635 1023 376
7563 635 1023 376
7663 635 1023 376
7764 635 1023 376
7865 635 1023 376
7966 635 1023 375
8067 635 1023 375
8168 635 1023 375
8268 635 1023 375
8370 635 1023 375
8470 635 1023 375
8571 635 1023 375
8672 635 1023 375
8773 635 1023 375
8873 635 1023 375
8975 635 1023 375
9075 635 1023 374
9177 635 1023 370
9277 636 1023 373
9378 635 1023 373
9479 635 1023 374
9580 635 1023 376
9680 635 1023 368
9782 635 1023 374
9882 635 1023 376
9984 635 1023 374
10084 635 1023 374
10185 635 1023 368
10286 635 1023 372
10387 635 1023 374
10487 635 1023 375
10589 635 1023 373
10689 635 1023 375
10790 635 1023 375
10891 636 1023 390
10992 638 1023 374
11092 639 1023 375
11194 642 1023 385
11294 646 1023 297
11396 649 1023 403
11496 651 1023 366
11597 651 1023 381
11698 653 1023 345
11799 654 1023 364
11899 656 1023 392
12001 658 1023 425
12101 660 1023 377
12203 660 1023 476
12303 660 1023 389
12404 661 1023 345
12505 661 1023 358
12606 659 1023 367
12706 658 1023 345
12808 658 1023 379
12908 660 1023 389
13009 663 1023 393
13110 659 1023 377
13211 651 1023 372
13313 644 1023 382
13413 644 1023 384
13514 643 1023 370
13615 643 1023 378
13716 642 1023 375
13816 642 1023 370
13918 641 1023 365
14018 641 1023 360
14119 641 1023 371
14220 640 1023 368
14321 640 1023 360
14422 640 1023 388
14523 640 1023 377
14623 640 1023 380
14725 639 1023 373
14825 639 1023 374
14926 639 1023 381
15027 639 1023 402
15128 639 1023 377
15228 639 1023 376
15330 639 1023 371
15430 639 1023 387
15532 639 1012 356
15632 639 981 374
15733 639 910 387
15834 639 706 379
15935 639 557 365
16035 639 476 387
16137 638 439 434
16237 638 416 320
16338 638 405 402
16439 638 410 386
16540 638 569 392
16641 638 447 462
16742 638 409 368
16842 638 383 352
16944 638 369 363
17044 638 361 395
17145 638 412 431
17246 638 1023 390
17347 638 1023 386
17447 638 1023 358
17549 638 1023 368
17649 638 1023 375
17751 638 1023 383
17851 638 1023 380
17952 638 1023 369
18053 638 1023 377
18154 638 1023 372
18254 638 1023 378
18356 638 1023 374
18456 638 1023 374
18557 638 1023 374
18658 638 1023 374
18759 638 1023 379
18860 637 1023 376
18961 637 1023 375
19062 637 1023 376
19163 637 1023 368
19264 637 1023 374
19364 637 1023 375
19466 637 1023 374
19566 636 1023 374
19667 637 1023 374
19768 637 1023 375
19869 637 1023 376
19970 637 1023 376
20071 637 1023 377
20171 637 1023 375
20273 637 1023 374
2