=~=~=~=~=~=~=~=~=~=~=~= PuTTY log 2025.04.17 10:22:12 =~=~=~=~=~=~=~=~=~=~=~=
7361 632 1023 375
7461 632 1023 375
7563 632 1023 376
7663 632 1023 375
7764 632 1023 375
7865 632 1023 375
7966 632 1023 377
8067 632 1023 373
8168 632 1023 375
8268 632 1023 375
8370 632 1023 374
8470 632 1023 374
8571 632 1023 375
8672 632 1023 375
8773 632 1023 374
8873 632 1023 374
8975 632 1023 375
9075 632 1023 373
9177 632 1023 373
9277 632 1023 375
9378 632 1023 378
9479 632 1023 375
9580 632 1023 374
9680 632 1023 376
9782 632 1023 376
9882 632 1023 375
9984 632 1023 374
10084 632 1023 375
10185 632 1023 370
10286 632 1023 372
10387 632 1023 368
10487 632 1023 374
10589 633 1023 362
10689 635 1023 338
10790 643 1023 395
10891 651 1023 385
10992 652 1023 401
11092 656 1023 361
11194 651 1023 375
11294 640 1023 372
11396 640 1023 375
11496 638 1023 374
11597 637 1023 376
11698 637 1023 374
11799 636 1023 370
11899 636 1023 373
12001 636 1023 375
12101 635 1023 371
12203 635 1023 374
12303 635 1023 373
12404 635 1023 375
12505 635 1023 373
12606 635 1023 371
12706 635 1023 374
12808 635 1023 374
12908 635 1023 374
13009 634 1023 374
13110 634 1023 375
13211 634 1023 374
13312 634 1023 375
13413 634 1023 379
13513 634 1023 383
13615 633 1023 369
13715 634 1023 387
13816 634 1023 380
13918 635 1023 376
14018 634 1023 380
14119 634 1023 379
14220 634 1023 386
14321 634 1023 372
14422 634 1023 376
14523 634 1023 380
14623 634 1023 372
14725 633 812 375
14825 634 607 374
14926 633 846 350
15027 633 1023 376
15128 634 1023 371
15228 633 1023 373
15330 633 1023 378
15430 634 1023 374
15532 633 1023 371
15632 633 1023 380
15733 633 1023 370
15834 633 1023 376
15935 633 1023 378
16035 633 1023 379
16137 633 1023 372
16237 633 1023 377
16338 633 1023 374
16439 633 1023 372
16540 633 1023 373
16641 633 1023 370
16742 633 1023 374
16842 633 1023 377
16944 633 1023 376
17044 633 1023 377
17145 633 1020 375
17246 633 988 382
17347 633 814 371
17447 633 586 383
17549 633 500 374
17649 633 554 392
17751 633 1018 373
17851 633 1021 366
17952 633 1023 387
18053 633 1023 378
18154 633 1023 373
18254 633 1023 370
18356 633 1023 380
18457 633 1023 368
18557 633 1023 376
18659 633 1023 375
18759 633 1023 375
18861 633 1023 378
18961 633 1023 372
19062 633 1023 366
19163 633 1023 369
19264 633 1023 366
19364 633 1023 375
19466 633 1023 382
19566 633 1023 377
19667 633 1023 373
19768 633 1023 374
19869 633 1023 370
19970 633 1023 377
20071 633 1023 376
20171 633 1023 374
20273 633 1023 378
20373 633 1023 382
20474 633 1023 381
20575 633 1023 373
20676 633 1023 374
20776 633 1023 368
20878 633 1023 375
20978 633 1023 378
21080 633 1023 374
21180 633 1023 378
21281 633 1023 375
21382 633 1023 377
21483 633 1023 373
21583 633 1023 370
21685 633 1023 372
21785 633 1023 374
21886 632 1023 374
21988 633 1023 375
22088 633 1023 375
22190 633 1023 374
2