=~=~=~=~=~=~=~=~=~=~=~= PuTTY log 2025.04.17 10:14:40 =~=~=~=~=~=~=~=~=~=~=~=
4538 632 1023 376
4638 632 1023 375
4740 632 1023 374
4840 631 1023 374
4941 632 1023 376
5042 632 1023 375
5143 632 1023 374
5243 632 1023 373
5344 632 1023 375
5445 632 1023 370
5545 632 1023 378
5647 632 1023 370
5747 632 1023 372
5849 632 1023 370
5949 632 1023 372
6050 632 1023 381
6151 632 1023 371
6252 633 1023 376
6352 632 1023 382
6454 632 1023 369
6554 632 1023 368
6656 632 1023 381
6756 632 1023 377
6857 632 1023 376
6958 632 1023 376
7059 632 1023 377
7159 632 1023 371
7261 632 1023 364
7361 632 1023 375
7462 632 1023 374
7563 633 1023 375
7664 632 1023 367
7764 632 1023 371
7866 632 1023 367
7966 632 1023 379
8068 632 1023 375
8168 632 1023 375
8269 633 1023 381
8370 632 1023 375
8471 631 1023 379
8571 632 1023 375
8673 632 1023 379
8773 632 1023 381
8875 632 1023 377
8975 632 1023 372
9076 632 1023 372
9177 632 1023 370
9278 633 1023 383
9378 634 1023 395
9480 635 1023 385
9580 636 1023 360
9681 639 1023 368
9782 643 1023 357
9882 646 1023 367
9984 649 1023 335
10084 650 1023 344
10185 652 1023 314
10286 655 1023 403
10387 655 1023 381
10488 656 1023 427
10589 658 1023 405
10690 659 1023 339
10790 660 1023 337
10892 662 1023 376
10992 664 1023 383
11094 666 1023 364
11194 666 1023 361
11295 664 1023 508
11396 663 1023 388
11497 665 1023 395
11597 666 1023 378
11699 669 1023 343
11799 668 1023 365
11900 668 1023 402
12001 667 1023 411
12102 666 1023 370
12203 666 1023 388
12304 666 1023 376
12404 668 1023 399
12506 666 1023 366
12606 666 1023 364
12707 665 1023 378
12808 664 1023 366
12909 663 1023 371
13009 663 1023 370
13111 662 1023 370
13211 662 1023 384
13313 661 1023 375
13413 660 1023 388
13514 659 1023 371
13615 658 1023 373
13716 657 1023 367
13816 656 1023 373
13918 653 1023 366
14018 646 1023 376
14119 640 1023 382
14220 637 1023 381
14321 637 1023 371
14422 638 1023 377
14523 638 1023 370
14624 637 1023 385
14725 637 1023 347
14826 637 1023 370
14926 636 1023 369
15028 635 1023 374
15128 635 1023 376
15229 635 1023 378
15330 634 1023 381
15431 634 1023 376
15532 634 1023 381
15633 634 1023 377
15733 634 1023 385
15835 634 1023 375
15935 634 1023 383
16036 634 1023 389
16137 634 1023 366
16238 634 1023 382
16338 634 1023 386
16440 634 969 380
16540 634 861 355
16642 634 647 365
16742 634 519 362
16843 634 477 352
16944 634 456 348
17045 633 440 356
17145 633 436 355
17247 633 429 332
17347 633 422 352
17448 633 416 359
17549 633 410 341
17650 633 405 380
17751 633 406 390
17852 633 409 357
17952 633 408 413
18054 633 409 438
18154 633 405 324
18255 633 399 369
18356 633 396 354
18457 632 392 382
18557 633 393 420
18659 633 391 377
18759 633 398 412
18861 633 396 370
18961 633 392 398
19062 633 393 378
19163 633 394 393
19264 633 396 377
19364 633 392 393
19466 633 392 364
19566 633 395 391
19667 633 404 386
19768 633 452 381
19869 633 625 370
19970 633 947 368
20071 633 1023 375
20171 633 1023 365
20273 633 1022 386
20373 633 1010 384
20474 633 1004 367
20575 633 1021 356
20676 633 1023 363
20776 633 1023 370
20878 632 1023 366
20978 632 1016 373
21080 632 1010 376
21180 632 765 372
21281 632 577 358
21382 632 513 385
21483 632 462 363
21583 632 436 400
21685 632 407 351
21785 632 381 406
21886 632 367 365
21987 632 365 413
22088 632 359 396
22189 632 356 375
22290 632 376 372
22390 632 628 379
22492 632 1011 365
22592 632 1023 360
22693 632 1023 360
22794 632 1023 373
22895 632 1023 376
22995 632 1023 375
23097 632 1023 387
23197 632 1023 369
23299 632 1023 394
23399 632 1023 389
23500 632 1023 397
23601 631 1023 368
23702 632 1023 382
23802 632 1023 378
23904 632 1023 380
24004 632 1023 365
24105 632 1023 367
24206 632 1023 375
24307 632 1023 376
24408 632 1023 377
24509 632 1023 361
24609 632 1023 377
24711 632 1023 365
24811 632 1023 374
24912 632 1023 373
25014 632 1023 374
25114 632 1023 373
25216 633 1023 375
25316 632 1023 376
25417 632 1023 370
25518 632 1023 372
25619 632 1023 374
25719 632 1023 372
25821 632 1023 381
25921 632 1023 382
26022 632 1023 373
26123 632 1023 374
26224 632 1023 375
26324 632 1023 375
26426 632 1023 375
26526 632 1023 376
26628 632 1023 378
26728 633 1023 376
26829 632 1023 375
26930 632 1023 375
27031 632 1023 376
27131 632 1023 375
27233 632 1023 375
27333 632 1023 374
27435 632 1023 375
27535 632 1023 373
27636 632 1023 374
27737 632 1023 377
27838 632 1023 374
27938 632 1023 374
28040 632 1023 374
28140 632 1023 374
28241 632 1023 375
28342 632 1023 374
28443 631 1023 375
28544 632 1023 376
28645 632 1023 375
28745 631 1023 375
28847 632 1023 375
28947 632 1023 375
29048 632 1023 375
29149 632 1023 374
29250 632 1023 374
29351 632 1023 375
29452 632 1023 374
29553 632 1023 375
29654 632 1023 375
29755 632 1023 376
29855 632 1023 369
29957 632 1023 350
30057 632 1023 378
30158 632 1023 374
30259 632 1023 376
30360 632 1023 378
30460 632 1023 375
30562 632 1023 658
30662 632 1023 372
30764 632 1023 375
30864 632 1023 375
30965 632 1023 255
31066 632 1023 373
3