=~=~=~=~=~=~=~=~=~=~=~= PuTTY log 2025.04.17 10:28:44 =~=~=~=~=~=~=~=~=~=~=~=
7663 629 1023 375
7763 629 1023 374
7865 629 1023 373
7965 629 1023 374
8067 629 1023 372
8167 629 1023 373
8268 629 1023 373
8369 629 1023 374
8470 629 1023 375
8570 628 1023 375
8672 629 1023 375
8772 629 1023 376
8873 629 1023 375
8974 629 1023 373
9075 629 1023 376
9176 629 1023 377
9277 629 1023 375
9377 630 1023 376
9479 630 1023 374
9579 630 1023 374
9680 630 1023 374
9781 630 1023 369
9882 630 1023 374
9982 630 1023 375
10084 631 1023 358
10184 630 1023 389
10286 631 1023 380
10386 630 1023 378
10487 631 1023 382
10588 631 1023 365
10689 632 1023 377
10789 632 1023 364
10891 632 1023 389
10991 632 1023 364
11092 632 1023 360
11193 633 1023 374
11294 634 1023 381
11395 635 1023 378
11496 636 1023 362
11596 637 1023 370
11698 638 1023 372
11798 639 1023 376
11899 639 1023 346
12000 640 1023 377
12101 640 1023 363
12203 641 1023 355
12303 642 1023 388
12404 644 1023 383
12505 645 1023 343
12606 645 1023 376
12706 646 1023 370
12808 647 1023 383
12908 647 1023 388
13009 648 1023 384
13110 649 1023 362
13211 649 1023 383
13312 648 1023 385
13413 646 1023 374
13513 643 1023 378
13615 638 1023 355
13715 639 1023 362
13816 638 1023 360
13917 637 1023 375
14018 637 1023 368
14118 636 1023 374
14220 636 1023 380
14320 635 1023 383
14422 635 1023 382
14522 635 1023 378
14623 635 1023 370
14724 635 1023 377
14825 634 1023 371
14925 634 1023 384
15027 634 1023 373
15127 634 1023 374
15228 634 1023 380
15329 635 1023 374
15430 634 1023 366
15531 634 1023 377
15632 634 1023 373
15732 634 1023 362
15834 634 1023 374
15935 634 1023 376
16035 634 1023 372
16137 634 1023 375
16237 634 1023 379
16338 634 1023 369
16439 633 1023 379
16540 633 1023 364
16641 633 1023 370
16742 633 1023 398
16842 633 1023 373
16944 633 998 367
17044 633 945 374
17145 633 876 372
17246 633 841 379
17347 633 820 383
17447 633 803 369
17549 633 797 372
17649 634 796 369
17751 633 787 371
17851 633 787 377
17952 633 919 370
18053 633 1023 370
18154 633 1023 374
18254 633 1023 371
18356 633 1023 375
18456 633 1023 375
18557 633 1023 377
18658 633 1023 369
18759 633 1023 377
18860 633 1023 376
18961 633 1023 375
19061 633 1023 373
19163 633 1023 374
19263 633 1023 371
19364 633 1023 373
19465 633 1023 375
19566 633 1023 375
19666 633 1023 372
19768 633 1023 376
19868 633 1023 374
19970 633 1023 375
20070 633 1023 374
20171 633 1023 371
20272 633 1023 372
20373 633 1023 378
20473 633 1023 378
20575 633 1023 377
20675 633 1023 375
20776 633 1023 369
20878 633 1023 376
20978 633 1023 370
21080 632 1023 375
21180 633 1023 374
21281 633 1023 375
21382 633 1023 371
21483 633 1023 372
21583 632 1023 375
216