=~=~=~=~=~=~=~=~=~=~=~= PuTTY log 2025.04.17 10:18:31 =~=~=~=~=~=~=~=~=~=~=~=
10486 632 1023 378
10588 632 1023 375
10688 632 1023 374
10789 632 1023 372
10890 632 1023 374
10991 632 1023 375
11091 632 1023 374
11193 632 1023 375
11293 632 1023 375
11395 632 1023 374
11495 632 1023 375
11596 632 1023 375
11698 633 1023 375
11798 632 1023 374
11899 632 1023 373
12000 633 1023 371
12101 632 1023 374
12201 632 1023 376
12303 633 1023 374
12403 634 1023 381
12505 636 1023 383
12605 644 1023 360
12706 650 1023 358
12807 654 1023 424
12908 657 1023 362
13008 657 1023 452
13110 659 1023 322
13210 661 1023 411
13312 664 1023 450
13412 666 1023 402
13513 667 1023 365
13614 668 1023 366
13715 667 1023 369
13815 667 1023 347
13917 669 1023 439
14017 670 1023 337
14118 670 1023 338
14219 670 1023 315
14320 669 1023 366
14420 669 1023 363
14522 668 1023 375
14622 669 1023 385
14724 668 1023 376
14824 668 1023 385
14925 667 1023 379
15026 668 1023 421
15127 667 1023 378
15227 667 1023 361
15329 666 1023 357
15429 666 1023 341
15531 666 1023 395
15631 667 1023 340
15732 666 1023 356
15834 666 1023 369
15934 665 1023 437
16035 665 1023 369
16136 665 1023 388
16237 665 1023 420
16337 664 1023 367
16439 664 1023 398
16539 664 1023 375
16641 664 1023 352
16741 664 1023 373
16842 664 1023 406
16943 665 1023 356
17044 664 1023 379
17144 664 1023 379
17246 664 1023 331
17346 664 1023 368
17447 664 1023 365
17548 664 1023 362
17649 664 1023 388
17750 664 1023 384
17851 649 1023 377
17951 640 1023 368
18053 639 1023 375
18153 638 1023 379
18254 638 1023 374
18355 638 1023 373
18456 637 1023 373
18556 637 1023 368
18658 637 1023 372
18758 637 1023 377
18860 636 1023 373
18960 637 1023 374
19061 637 1023 373
19162 636 1023 374
19263 636 1023 374
19363 636 1023 376
19465 636 1023 378
19565 636 1023 377
19666 636 1023 374
19768 636 1023 379
19868 637 1023 376
19970 636 1023 374
20070 636 1023 382
20171 636 1023 379
20272 636 1023 381
20373 636 1023 368
20473 636 1023 392
20575 635 1023 366
20675 635 1023 386
20776 635 1023 376
20877 635 1023 375
20978 635 1023 378
21079 635 1023 376
21180 635 1023 380
21280 635 1023 382
21382 635 1023 382
21482 636 1023 375
21583 635 1023 375
21684 635 1023 368
21785 635 1023 377
21885 635 1023 372
21987 635 1023 375
22087 635 1023 377
22189 635 1023 371
22289 635 1023 370
22390 635 1023 373
22491 635 1023 380
22592 635 1023 361
22692 635 1023 396
22794 635 1023 377
22894 635 1023 378
22995 634 1023 371
23096 635 1023 372
23197 635 1023 373
23298 635 1023 367
23399 635 1023 364
23499 635 1011 357
23601 635 979 374
23702 635 846 390
23802 635 548 384
23904 635 437 426
24004 635 387 384
24105 635 371 456
24206 634 362 358
24307 635 356 430
24408 634 352 448
24509 635 351 372
24609 634 349 312
24711 634 347 417
24811 634 344 381
24911 634 343 379
25013 634 343 378
25114 634 344 378
25214 634 344 345
25316 634 342 384
25416 634 341 369
25518 634 341 373
25618 634 341 371
25719 634 342 373
25820 634 342 361
25921 634 342 322
26021 634 342 367
26123 634 341 408
26223 634 341 413
26323 634 339 417
26425 634 342 344
26525 634 342 387
26627 634 340 386
26727 634 338 393
26828 634 336 331
26929 634 337 375
27030 634 342 388
27130 634 339 394
27232 634 342 381
27332 634 375 364
27433 634 697 360
27534 634 1023 360
27635 634 1023 369
27736 634 1023 370
27837 634 1023 378
27938 634 1023 374
28039 634 1023 375
28140 634 1023 376
28240 634 1023 374
28342 634 1023 374
28442 634 1023 376
28544 634 1023 373
28644 634 1023 374
28745 634 1023 375
28846 634 1023 374
28947 634 1023 374
29047 633 1023 376
29149 634 1023 374
29249 634 1023 375
29350 634 1023 375
29451 634 1023 374
29552 634 1023 375
29652 634 1023 376
29754 634 1023 375
29854 634 1023 376
29956 634 1023 377
30056 634 1023 378
30157 634 1023 373
30258 634 1023 375
30359 634 1023 373
30459 634 1023 375
30561 634 1023 379
30661 634 1023 370
30763 634 1023 377
30863 634 1023 377
3