=~=~=~=~=~=~=~=~=~=~=~= PuTTY log 2025.04.17 09:45:59 =~=~=~=~=~=~=~=~=~=~=~=
Time FlexSensor FSR EMG
25666 634 1023 370
1 1 1
25766 634 1023 372
1 1 1
25868 634 1023 372
1 1 1
25969 634 1023 374
1 1 1
26071 634 1023 373
1 1 1
26171 634 1023 382
1 1 1
26272 634 1023 374
1 1 1
26374 634 1023 375
1 1 1
26475 634 1023 374
1 1 1
26575 634 1023 374
1 1 1
26677 634 1023 380
1 1 1
26778 634 1023 375
1 1 1
26878 634 1023 383
1 1 1
26980 634 1023 374
1 1 1
27081 634 1023 379
1 1 1
27183 634 1023 375
1 1 1
27283 634 1023 380
1 1 1
27384 634 1023 380
1 1 1
27486 634 1023 377
1 1 1
27587 634 1023 382
1 1 1
27687 634 1023 382
1 1 1
27789 634 1023 374
1 1 1
27890 634 1023 380
1 1 1
27991 634 1023 375
1 1 1
28092 634 1023 375
1 1 1
28193 634 1023 379
1 1 1
28295 634 1023 370
1 1 1
28395 634 1023 373
1 1 1
28496 634 1023 372
1 1 1
28598 634 1023 373
1 1 1
28699 634 1023 371
1 1 1
28800 634 1023 372
1 1 1
28901 634 1023 369
1 1 1
29002 634 1023 367
1 1 1
29103 634 1023 374
1 1 1
29204 634 1023 373
1 1 1
29305 634 1023 371
1 1 1
29407 634 1023 372
1 1 1
29507 634 1023 374
1 1 1
29608 634 1023 370
1 1 1
29710 634 1023 373
1 1 1
29811 634 1023 374
1 1 1
29912 634 1023 374
1 1 1
30013 634 1023 366
1 1 1
30114 634 1023 363
1 1 1
30215 634 1023 373
1 1 1
30316 634 1023 370
1 1 1
30417 634 1023 373
1 1 1
30519 634 1023 377
1 1 1
30619 634 1023 374
1 1 1
30721 634 1023 364
1 1 1
30822 634 1023 375
1 1 1
30922 634 1023 383
1 1 1
31024 634 976 372
1 1 1
31125 634 757 363
1 1 1
31226 634 546 335
1 1 1
31327 634 453 380
1 3 1
31428 634 420 349
1 3 1
31529 634 405 354
1 3 1
31630 634 396 419
1 11 9
31731 634 390 373
1 11 9
31833 634 387 386
1 11 9
31934 634 386 373
1 11 9
32034 634 382 400
1 11 9
32136 634 381 425
1 11 9
32237 634 379 396
1 11 9
32337 635 378 380
1 11 9
32439 634 380 385
1 11 9
32540 634 446 387
1 11 9
32642 634 878 390
1 11 9
32742 634 1019 384
1 11 9
32843 634 1023 375
1 11 9
32945 634 1022 367
1 11 9
33046 634 1021 364
1 11 9
33146 634 1022 380
1 11 9
33248 634 1023 373
1 11 9
33349 634 1023 372
1 11 9
33449 634 1023 385
1 11 9
33551 635 1023 377
1 11 9
33652 634 1023 371
1 11 9
33754 634 1023 381
1 11 9
33854 634 1023 367
1 11 9
33955 634 1023 380
1 11 9
34057 634 1023 379
1 11 9
34158 634 1023 379
1 11 9
34258 634 1023 379
1 11 9
34360 634 1023 376
1 11 9
34461 639 1023 405
1 11 9
34563 641 1023 405
3 11 9
34663 644 1023 363
3 11 9
34764 647 1023 330
3 11 9
34866 648 1023 420
3 11 9
34966 650 1023 402
3 11 9
35067 649 1023 363
3 11 9
35169 647 1023 477
3 11 9
35270 649 1023 376
3 11 9
35371 649 1023 372
3 11 9
35472 649 1023 161
3 11 9
35573 650 1023 382
3 11 9
35675 651 1023 395
3 11 9
35775 651 1023 342
3 11 9
35876 650 1023 357
3 11 9
35978 654 1023 387
3 11 9
36078 646 1023 368
3 11 9
36179 645 1023 377
3 11 9
36281 644 1023 376
3 11 9
36382 643 1023 378
3 11 9
36483 643 1023 378
3 11 9
36584 642 1023 376
3 11 9
36685 642 1023 376
3 11 9
36787 641 1023 353
3 11 9
36887 641 1023 383
3 11 9
36988 641 1023 387
3 11 9
37090 646 1023 362
3 11 9
37191 651 1023 388
3 11 9
37292 653 1023 430
3 11 9
37393 655 1023 358
3 11 9
37494 656 1023 440
3 11 9
37595 657 1023 367
3 11 9
37696 658 1023 352
3 11 9
37797 660 1023 407
3 11 9
37899 660 1023 374
3 11 9
37999 660 1023 340
3 11 9
38100 661 1023 308
11 11 9
38202 661 1023 396
11 11 9
38303 663 1023 395
11 11 9
38404 666 1023 371
11 11 9
38505 644 1023 383
11 11 9
38606 643 1023 364
11 11 9
38708 644 1023 375
11 11 9
38808 643 1023 388
11 11 9
38909 642 1023 383
11 11 9
39011 641 1023 372
11 11 9
39112 641 1023 381
11 11 9
39213 641 1023 364
11 11 9
39314 641 1023 378
11 11 9
39415 640 1023 382
11 11 9
39517 640 1023 373
11 11 9
39617 640 1023 374
11 11 9
39718 640 1023 376
11 11 9
39820 640 1023 375
11 11 9
39920 640 1023 374
11 11 9
4