=~=~=~=~=~=~=~=~=~=~=~= PuTTY log 2025.04.15 09:37:12 =~=~=~=~=~=~=~=~=~=~=~=
Flex Poor
FSR Poor
8584 628 1023 0
1 1 0
Flex Poor
FSR Poor
8685 629 1023 0
1 1 0
Flex Poor
FSR Poor
8786 628 1023 0
1 1 0
Flex Poor
FSR Poor
8887 628 1023 0
1 1 0
Flex Poor
FSR Poor
8988 629 1023 0
1 1 0
Flex Poor
FSR Poor
9090 629 1023 0
1 1 0
Flex Poor
FSR Poor
9191 628 1023 0
1 1 0
Flex Poor
FSR Poor
9291 629 1023 0
1 1 0
Flex Poor
FSR Poor
9393 628 1023 0
1 1 0
Flex Poor
FSR Poor
9494 629 1023 0
1 1 0
Flex Poor
FSR Poor
9594 628 1023 0
1 1 0
Flex Poor
FSR Poor
9696 628 1023 0
1 1 0
Flex Poor
FSR Poor
9797 629 1023 0
1 1 0
Flex Poor
FSR Poor
9897 628 1023 0
1 1 0
Flex Poor
FSR Poor
9999 628 1023 0
1 1 0
Flex Poor
FSR Poor
10100 629 1023 0
1 1 0
Flex Poor
FSR Poor
10201 628 1003 0
1 1 0
Flex Poor
FSR Poor
10302 628 963 0
1 1 0
Flex Poor
FSR Poor
10403 628 924 0
1 1 0
Flex Poor
FSR Poor
10505 628 884 0
1 1 0
Flex Poor
FSR Poor
10605 628 866 0
1 1 0
Flex Poor
FSR Poor
10706 628 848 0
1 1 0
Flex Poor
FSR Poor
10808 628 824 0
1 1 0
Flex Poor
FSR Poor
10908 628 808 0
1 1 0
Flex Poor
FSR Poor
11010 629 784 0
1 1 0
Flex Poor
FSR Poor
11111 628 761 0
1 1 0
Flex Poor
FSR Poor
11211 628 726 0
1 1 0
Flex Poor
FSR Poor
11313 629 687 0
1 1 0
Flex Poor
FSR Poor
11414 628 647 0
1 1 0
Flex Poor
FSR Poor
11515 628 622 0
1 1 0
Flex Poor
FSR Poor
11616 628 603 0
1 1 0
Flex Poor
FSR Poor
11717 628 587 0
1 1 0
Flex Poor
FSR Poor
11819 628 569 0
1 1 0
Flex Poor
FSR Poor
11919 628 555 0
1 1 0
Flex Poor
FSR Poor
12020 628 544 0
1 1 0
Flex Poor
FSR Poor
12122 628 532 0
1 1 0
Flex Poor
FSR Poor
12222 628 514 0
1 1 0
Flex Poor
12323 628 495 0
1 3 0
Flex Poor
12425 628 483 0
1 3 0
Flex Poor
12525 628 474 0
1 3 0
Flex Poor
12626 628 474 0
1 3 0
Flex Poor
12728 629 475 0
1 3 0
Flex Poor
12828 628 478 0
1 3 0
Flex Poor
12930 628 569 0
1 3 0
Flex Poor
13031 628 678 0
1 3 0
Flex Poor
13131 628 772 0
1 3 0
Flex Poor
13233 628 995 0
1 3 0
Flex Poor
13334 628 1014 0
1 3 0
Flex Poor
13434 628 1021 0
1 3 0
Flex Poor
13536 628 1023 0
1 3 0
Flex Poor
13637 629 1023 0
1 3 0
Flex Poor
13737 628 1023 0
1 3 0
Flex Poor
13839 628 1023 0
1 3 0
Flex Poor
13940 628 1002 0
1 3 0
Flex Poor
14041 628 977 0
1 3 0
Flex Poor
14142 628 983 0
1 3 0
Flex Poor
14243 628 988 0
1 3 0
Flex Poor
14344 628 1012 0
1 3 0
Flex Poor
14445 628 1015 0
1 3 0
Flex Poor
14546 628 1018 0
1 3 0
Flex Poor
14647 628 1020 0
1 3 0
Flex Poor
14748 628 1020 0
1 3 0
Flex Poor
14850 628 1019 0
1 3 0
Flex Poor
14951 628 1017 0
1 3 0
Flex Poor
15051 628 1016 0
1 3 0
Flex Poor
15153 628 1016 0
1 3 0
Flex Poor
15254 628 1018 0
1 3 0
Flex Poor
15354 628 1020 0
1 3 0
Flex Poor
15456 628 1019 0
1 3 0
Flex Poor
15557 628 1020 0
1 3 0
Flex Poor
15657 628 1020 0
1 3 0
Flex Poor
15759 629 1020 0
1 3 0
Flex Poor
15860 628 1020 0
1 3 0
Flex Poor
15961 628 1020 0
1 3 0
Flex Poor
16062 628 1022 0
1 3 0
Flex Poor
16163 628 1021 0
1 3 0
Flex Poor
16264 628 1021 0
1 3 0
Flex Poor
16365 628 1022 0
1 3 0
Flex Poor
16466 627 1022 0
1 3 0
Flex Poor
16567 628 1021 0
1 3 0
Flex Poor
16668 628 1021 0
1 3 0
Flex Poor
16770 629 1021 0
1 3 0
Flex Poor
16870 628 1021 0
1 3 0
Flex Poor
16971 628 1021 0
1 3 0
Flex Poor
17073 628 1021 0
1 3 0
Flex Poor
17173 628 1021 0
1 3 0
Flex Poor
17274 628 1021 0
1 3 0
Flex Poor
17376 628 1021 0
1 3 0
Flex Poor
17476 628 1021 0
1 3 0
Flex Poor
17577 628 1021 0
1 3 0
Flex Poor
17679 627 1021 0
1 3 0
Flex Poor
17779 628 1021 0
1 3 0
Flex Poor
17881 628 1020 0
1 3 0
Flex Poor
17982 628 1020 0
1 3 0
Flex Poor
18082 628 1021 0
1 3 0
Flex Poor
18184 628 1021 0
1 3 0
Flex Poor
18285 628 1021 0
1 3 0
Flex Poor
18385 628 1021 0
1 3 0
Flex Poor
18487 628 1021 0
1 3 0
Flex Poor
18588 628 1021 0
1 3 0
Flex Poor
18689 628 1021 0
1 3 0
Flex Poor
18790 628 1021 0
1 3 0
Flex Poor
18891 628 1021 0
1 3 0
Flex Poor
18993 628 1021 0
1 3 0
Flex Poor
19093 628 1021 0
1 3 0
Flex Poor
19194 628 1021 0
1 3 0
Flex Poor
19296 628 1022 0
1 3 0
Flex Poor
19396 628 1022 0
1 3 0
Flex Poor
19497 628 1022 0
1 3 0
Flex Poor
19599 628 1022 0
1 3 0
Flex Poor
19699 628 1022 0
1 3 0
Flex Poor
19801 628 1022 0
1 3 0
Flex Poor
19902 628 1022 0
1 3 0
Flex Poor
20002 628 1021 0
1 3 0
Flex Poor
20104 628 1020 0
1 3 0
Flex Poor
20205 628 1016 0
1 3 0
Flex Poor
20305 628 947 0
1 3 0
Flex Poor
20407 628 722 0
1 3 0
Flex Poor
20508 628 564 0
1 3 0
Flex Poor
20609 628 491 0
1 3 0
Flex Poor
20710 628 440 0
1 3 0
Flex Poor
20811 628 411 0
1 3 0
Flex Poor
20912 629 390 0
1 11 0
Flex Poor
21013 628 377 0
1 11 0
Flex Poor
21114 628 362 0
1 11 0
Flex Poor
21215 628 354 0
1 11 0
Flex Poor
21316 628 352 0
1 11 0
Flex Poor
21417 628 350 0
1 11 0
Flex Poor
21518 628 344 0
1 11 0
Flex Poor
21619 628 340 0
1 11 0
Flex Poor
21721 628 415 0
1 11 0
Flex Poor
21821 628 751 0
1 11 0
Flex Poor
21922 628 980 0
1 11 0
Flex Poor
22024 628 1023 0
1 11 0
Flex Poor
22124 627 1023 0
1 11 0
Flex Poor
22225 628 1023 0
1 11 0
Flex Poor
22327 628 1023 0
1 11 0
Flex Poor
22427 628 1023 0
1 11 0
Flex Poor
22529 628 1023 0
1 11 0
Flex Poor
22630 628 1023 0
1 11 0
Flex Poor
22730 628 1023 0
1 11 0
Flex Poor
22832 628 1023 0
1 11 0
Flex Poor
22933 628 1023 0
1 11 0
Flex Poor
23034 628 1023 0
1 11 0
Flex Poor
23135 628 1023 0
1 11 0
Flex Poor
23236 628 1023 0
1 11 0
Flex Poor
23337 628 1023 0
1 11 0
Flex Poor
23438 627 1023 0
1 11 0
Flex Poor
23539 628 1023 0
1 11 0
Flex Poor
23641 628 1023 0
1 11 0
Flex Poor
23741 628 1023 0
1 11 0
Flex Poor
23842 628 1023 0
1 11 0
Flex Poor
23944 628 1023 0
1 11 0
Flex Poor
24044 628 1023 0
1 11 0
Flex Poor
24145 628 1023 0
1 11 0
Flex Poor
24247 628 1023 0
1 11 0
Flex Poor
24347 628 1023 0
1 11 0
Flex Poor
24449 628 1023 0
1 11 0
Flex Poor
24550 628 1023 0
1 11 0
Flex Poor
24651 628 1023 0
1 11 0
Flex Poor
24752 629 1023 0
1 11 0
Flex Poor
24853 628 1023 0
1 11 0
Flex Poor
24954 628 1023 0
1 11 0
Flex Poor
25055 628 1023 0
1 11 0
Flex Poor
25156 628 1023 0
1 11 0
Flex Poor
25257 628 1023 0
1 11 0
Flex Poor
25358 628 1023 0
1 11 0
Flex Poor
25459 628 1023 0
1 11 0
Flex Poor
25561 628 1023 0
1 11 0
Flex Poor
25661 628 1023 0
1 11 0
Flex Poor
25762 628 1023 0
1 11 0
Flex Poor
25864 628 1023 0
1 11 0
Flex Poor
25964 628 1023 0
1 11 0
Flex Poor
26065 628 1023 0
1 11 0
Flex Poor
26167 628 1023 0
1 11 0
Flex Poor
26268 628 1023 0
1 11 0
Flex Poor
26369 628 1023 0
1 11 0
Flex Poor
26470 628 1023 0
1 11 0
Flex Poor
26571 628 1023 0
1 11 0
Flex Poor
26672 628 1023 0
1 11 0
Flex Poor
26773 628 1023 0
1 11 0
Flex Poor
26874 628 1023 0
1 11 0
Flex Poor
26975 628 1023 0
1 11 0
Flex Poor
27076 628 1023 0
1 11 0
Flex Poor
27177 628 1023 0
1 11 0
Flex Poor
27278 628 1023 0
1 11 0
Flex Poor
27379 628 1023 0
1 11 0
Flex Poor
27481 628 1023 0
1 11 0
Flex Poor
27581 628 1023 0
1 11 0
Flex Poor
27682 628 1023 0
1 11 0
Flex Poor
27784 628 1023 0
1 11 0
Flex Poor
27885 628 1023 0
1 11 0
Flex Poor
27985 628 1023 0
1 11 0
Flex Poor
28087 628 1023 0
1 11 0
Flex Poor
28188 628 1023 0
1 11 0
Flex Poor
28289 628 1023 0
1 11 0
Flex Poor
28390 628 1023 0
1 11 0
Flex Poor
28491 628 1023 0
1 11 0
Flex Poor
28592 628 1023 0
1 11 0
