=~=~=~=~=~=~=~=~=~=~=~= PuTTY log 2025.04.17 10:23:56 =~=~=~=~=~=~=~=~=~=~=~=
3227 631 1023 375
3328 631 1023 375
3428 631 1023 375
3529 631 1023 375
3630 631 1023 375
3731 631 1023 374
3831 631 1023 375
3933 631 1023 375
4033 631 1023 375
4134 632 1023 375
4235 631 1023 367
4336 631 1023 374
4436 631 1023 374
4538 631 1023 374
4638 631 1023 374
4740 631 1023 374
4840 631 1023 371
4941 631 1023 375
5042 631 1023 375
5143 631 1023 374
5243 631 1023 375
5345 631 1023 375
5445 631 1023 374
5547 631 1023 377
5647 631 1023 375
5748 631 1023 374
5849 631 1023 374
5950 631 1023 375
6050 631 1023 374
6152 631 1023 373
6252 631 1023 374
6353 631 1023 374
6454 631 1023 374
6555 631 1023 373
6656 631 1023 376
6757 631 1023 377
6857 631 1023 373
6959 631 1023 367
7059 631 1023 369
7160 632 1023 377
7261 631 1023 374
7362 631 1023 388
7462 631 1023 374
7564 631 1023 375
7664 632 1023 372
7766 631 1023 371
7866 631 1023 367
7967 631 1023 374
8068 631 1023 375
8169 632 1023 366
8269 635 1023 371
8370 646 1023 357
8471 655 1023 348
8571 652 1023 388
8673 642 1023 354
8773 640 1023 369
8875 638 1023 395
8975 638 1023 380
9076 637 1023 363
9177 637 1023 374
9278 636 1023 376
9378 636 1023 372
9480 636 1023 369
9580 635 1023 375
9681 635 1023 376
9782 635 1023 371
9883 635 1023 374
9984 635 1023 380
10085 635 1023 374
10185 635 1023 373
10287 635 1023 377
10387 635 1023 377
10488 635 1023 384
10589 634 1023 378
10690 634 1023 379
10790 634 1023 375
10892 634 1023 377
10992 634 1023 379
11094 634 1023 376
11194 634 1023 374
11295 634 1023 380
11396 634 1023 370
11497 635 1023 377
11598 634 1023 372
11699 634 1023 359
11800 634 1023 369
11900 634 1023 369
12002 634 1023 377
12102 634 1023 377
12204 634 1023 380
12304 634 1023 374
12405 634 1023 377
12506 634 1023 373
12607 634 1023 384
12707 634 1023 373
12809 634 1023 380
12909 634 1023 373
13010 634 1023 373
13111 634 1023 375
13212 633 1023 377
13313 633 1023 374
13414 634 1023 376
13514 633 1023 374
13616 633 1023 378
13716 633 1023 378
13817 633 1023 375
13918 633 1023 378
14019 633 1023 374
14119 633 1023 375
14221 633 1023 374
14321 633 1023 366
14423 634 1023 368
14523 634 1023 371
14624 633 1023 378
14725 633 1019 374
14826 633 890 373
14926 633 585 378
15028 633 539 372
15128 633 1022 369
15229 633 1023 365
15331 633 1023 377
15431 633 1023 380
15533 633 1023 377
15633 633 1023 374
15734 633 1023 371
15835 633 1023 365
15936 633 1023 375
16036 633 1023 378
16138 634 1023 379
16238 633 1021 378
16339 633 1023 376
16440 633 1023 375
16541 633 1017 369
16642 633 996 369
16743 633 930 378
16843 633 731 373
16945 633 562 396
17045 633 491 319
17146 633 467 367
17247 633 901 361
17348 633 1020 373
17448 633 1021 350
17550 633 1022 378
17650 633 1023 372
17752 632 1023 375
17852 633 1023 374
17953 633 1023 375
18054 633 1023 381
18155 633 1023 365
18255 633 1023 379
18357 633 1023 374
18457 633 1023 374
18558 633 1023 373
18659 633 1023 372
18760 633 1023 383
18861 633 1023 377
18962 633 1023 384
19062 633 1023 379
19164 633 1023 371
19264 633 1023 369
19365 633 1023 388
19466 633 1023 380
19567 633 1023 375
19667 633 1023 373
19769 633 1023 369
19870 633 1023 381
19971 633 1023 380
20072 633 1023 378
20172 633 1023 374
20274 633 1023 371
20374 633 1023 378
20475 633 1023 375
20576 633 1023 380
20677 633 1023 374
20777 633 1023 380
20879 633 1023 366
20979 633 1023 380
2