=~=~=~=~=~=~=~=~=~=~=~= PuTTY log 2025.04.17 10:20:27 =~=~=~=~=~=~=~=~=~=~=~=
6251 630 1023 375
6352 631 1023 375
6453 630 1023 374
6554 630 1023 375
6654 631 1023 375
6756 630 1023 374
6856 630 1023 375
6958 630 1023 374
7058 631 1023 374
7159 631 1023 373
7260 630 1023 373
7361 630 1023 374
7461 631 1023 375
7563 630 1023 375
7663 630 1023 377
7764 630 1023 376
7865 630 1023 375
7966 631 1023 376
8067 630 1023 374
8168 630 1023 376
8268 630 1023 374
8370 630 1023 375
8470 630 1023 374
8571 630 1023 374
8672 630 1023 375
8773 630 1023 375
8873 630 1023 377
8975 631 1023 373
9075 630 1023 375
9177 631 1023 376
9277 630 1023 377
9378 630 1023 374
9479 630 1023 376
9580 630 1023 375
9680 630 1023 374
9782 630 1023 376
9882 630 1023 375
9984 630 1023 375
10084 631 1023 375
10185 630 1023 375
10286 631 1023 369
10387 631 1023 365
10487 632 1023 380
10589 632 1023 369
10689 632 1023 367
10790 632 1023 357
10891 632 1023 375
10992 631 1023 378
11092 632 1023 380
11194 632 1023 364
11294 632 1023 381
11396 632 1023 376
11496 632 1023 355
11597 632 1023 389
11698 633 1023 373
11799 632 1023 387
11899 633 1023 363
12001 633 1023 370
12101 633 1023 383
12203 633 1023 400
12303 634 1023 365
12404 634 1023 362
12505 636 1023 369
12606 640 1023 374
12706 638 1023 385
12808 634 1023 371
12908 635 1023 372
13009 635 1023 371
13110 634 1023 375
13211 634 1023 373
13312 632 1023 377
13413 633 1023 381
13514 633 1023 373
13615 633 1023 377
13716 633 1023 371
13816 633 1023 371
13918 633 1023 372
14018 632 1023 376
14119 633 1023 374
14220 632 1023 374
14321 632 1023 377
14422 632 1023 374
14523 633 1023 370
14623 632 1023 374
14725 632 1023 375
14825 632 1023 375
14926 632 1023 375
15027 632 1023 376
15128 632 1023 376
15228 632 1023 379
15330 632 1023 375
15430 632 1023 374
15532 632 1023 376
15632 632 1023 375
15733 632 1023 373
15834 632 1023 375
15935 632 1023 373
16035 632 1023 368
16137 632 1023 367
16237 632 1023 376
16338 632 1023 372
16439 632 1023 361
16540 632 1023 372
16641 632 1023 377
16742 632 1023 372
16842 631 1023 371
16944 631 1023 384
17044 631 1023 378
17145 631 1023 373
17246 631 1023 376
17347 631 1023 373
17448 631 1023 375
17549 631 1019 372
17650 631 1019 374
17751 631 1018 374
17852 631 1020 377
17952 631 1019 373
18054 631 1017 376
18154 631 1016 373
18255 632 1015 374
18356 631 1014 374
18457 632 1015 373
18557 631 1013 376
18659 631 1013 379
18759 631 1012 375
18861 631 1011 376
18961 631 1010 373
19062 631 1004 373
19163 631 1008 376
19264 631 1023 372
19364 631 1023 380
19466 631 1023 371
19566 631 1023 372
19667 631 1023 379
19768 631 1023 374
19869 631 1023 372
19970 631 1023 369
20071 631 1023 373
20171 631 1023 375
20273 631 1023 376
20373 631 1023 374
20474 631 1023 375
20575 631 1023 378
20676 631 1023 374
20776 631 1023 375
20878 631 1023 378
20979 631 1023 377
21080 631 1023 376
21181 631 1023 374
21281 631 1023 374
21383 631 1023 375
21483 631 1023 376
21584 631 1023 372
21685 631 1023 373
21786 631 1023 377
21886 631 1023 374
21988 631 1023 374
22088 631 1023 374
22190 631 1023 376
22290 631 1023 374
22391 631 1023 376
22492 631 1023 374
22593 631 1023 376
22693 631 1023 377
22795 631 1023 374
22895 631 1023 375
22996 631 1023 375
23097 631 1023 377
23198 