=~=~=~=~=~=~=~=~=~=~=~= PuTTY log 2025.04.17 10:16:34 =~=~=~=~=~=~=~=~=~=~=~=
8470 630 1023 374
8570 630 1023 374
8672 630 1023 374
8772 630 1023 374
8873 631 1023 374
8974 630 1023 374
9075 630 1023 374
9176 630 1023 375
9277 630 1023 375
9377 630 1023 375
9479 630 1023 375
9579 630 1023 376
9680 630 1023 375
9781 630 1023 375
9882 630 1023 375
9982 630 1023 375
10084 630 1023 374
10184 630 1023 374
10286 630 1023 374
10386 630 1023 374
10487 630 1023 374
10588 630 1023 374
10689 630 1023 374
10789 630 1023 374
10891 629 1023 374
10991 630 1023 375
11092 630 1023 375
11193 630 1023 375
11294 630 1023 375
11395 630 1023 375
11496 630 1023 375
11596 630 1023 375
11698 631 1023 375
11798 630 1023 375
11899 630 1023 375
12000 630 1023 374
12101 630 1023 374
12201 631 1023 376
12303 630 1023 374
12403 630 1023 366
12505 630 1023 371
12605 630 1023 373
12706 630 1023 374
12807 630 1023 369
12908 631 1023 379
13008 630 1023 380
13110 631 1023 380
13210 630 1023 373
13312 630 1023 373
13412 630 1023 374
13513 630 1023 378
13615 630 1023 376
13715 630 1023 375
13816 630 1023 376
13917 630 1023 375
14018 630 1023 375
14118 630 1023 375
14220 630 1023 373
14320 630 1023 377
14422 630 1023 375
14522 630 1023 368
14623 631 1023 377
14724 630 1023 380
14825 630 1023 376
14925 630 1023 371
15027 630 1023 375
15127 630 1023 380
15228 630 1023 378
15329 630 1023 381
15430 630 1023 384
15531 630 1023 375
15632 630 1023 374
15732 630 1023 371
15834 630 1023 375
15934 630 1023 373
16035 630 1023 375
16136 630 1023 374
16237 630 1023 381
16337 630 1023 368
16439 630 1023 368
16539 630 1023 369
16641 630 1023 373
16741 630 1023 376
16842 630 1023 372
16943 630 1023 384
17044 630 1023 381
17144 630 1023 374
17246 629 1023 375
17347 630 1023 371
17447 630 1023 374
17549 631 1023 377
17649 630 1023 369
17751 630 1023 373
17851 630 1023 369
17952 630 1023 377
18053 630 1023 373
18154 630 1023 371
18254 630 1023 369
18356 630 1023 366
18456 630 1023 378
18557 631 1023 381
18658 630 1023 365
18759 631 1023 369
18860 630 1023 359
18961 630 1023 365
19061 631 1023 380
19163 631 1023 383
19263 633 1023 399
19364 634 1023 410
19465 638 1023 363
19566 645 1023 378
19666 649 1023 337
19768 652 1023 342
19868 654 1023 350
19970 655 1023 395
20070 657 1023 430
20171 659 1023 399
20272 659 1023 452
20373 660 1023 436
20473 661 1023 376
20575 661 1023 387
20675 662 1023 431
20776 663 1023 358
20877 661 1023 322
20978 661 1023 388
21080 660 1023 367
21180 659 1023 402
21281 659 1023 379
21382 659 1023 370
21483 660 1023 368
21583 661 1023 362
21685 660 1023 353
21785 658 1023 374
21886 657 1023 361
21987 653 1023 363
22088 649 1023 385
22189 646 1023 389
22290 644 1023 401
22390 641 1023 379
22492 644 1023 335
22592 652 1023 375
22693 657 1023 333
22794 660 1023 370
22895 662 1023 330
22995 664 1023 273
23097 664 1023 388
23197 663 1023 310
23299 662 1023 308
23399 661 1023 351
23500 661 1023 376
23601 662 1023 366
23702 660 1023 379
23802 653 1023 366
23904 643 1023 406
24004 640 1023 364
24105 639 1023 381
24206 639 1023 369
24307 639 1023 364
24408 638 1023 374
24509 638 1023 374
24609 637 1023 377
24711 637 1023 372
24811 636 1023 373
24912 636 1023 373
25013 636 1023 385
25114 636 1023 379
25214 636 1023 379
25316 636 1023 370
25417 635 1023 390
25518 635 1023 408
25619 635 1023 392
25719 636 1023 378
25821 635 1023 377
25921 635 1023 374
26022 635 1023 352
26123 635 1023 370
26224 635 1023 383
26324 635 1021 374
26426 634 1009 370
26526 635 954 382
26628 634 836 385
26728 634 685 385
26829 634 539 366
26930 635 498 353
27031 634 467 383
27131 634 444 359
27233 634 423 385
27333 634 411 384
27435 634 403 390
27535 634 392 391
27636 634 379 380
27737 634 373 404
27838 634 371 347
27938 634 372 398
28040 634 371 391
28140 634 372 391
28241 634 375 389
28342 634 408 374
28443 634 466 332
28544 633 441 464
28644 634 426 375
28745 633 393 391
28846 633 410 386
28947 634 478 383
29047 633 391 351
29149 632 367 406
29249 634 362 345
29350 633 360 421
29451 633 363 458
29552 633 379 339
29652 633 384 376
29754 633 382 389
29854 633 378 406
29956 632 372 384
30056 633 369 338
30157 633 371 342
30258 633 371 374
30359 633 372 469
30459 634 380 376
30561 633 379 383
30661 633 407 379
30763 633 670 375
30863 633 995 369
30964 634 1023 362
31065 634 1023 377
31166 633 1023 375
31266 633 1023 373
31368 633 1023 380
31468 633 1023 373
31569 633 1023 379
31670 633 1023 374
31771 633 1023 373
31873 633 1023 375
31973 633 1023 374
32074 633 1023 375
32175 634 1023 375
32276 633 1023 375
32376 633 1023 372
32478 633 1023 376
32578 633 1023 377
32679 633 1023 375
32780 633 1023 376
3