=~=~=~=~=~=~=~=~=~=~=~= PuTTY log 2025.04.17 10:27:23 =~=~=~=~=~=~=~=~=~=~=~=
18454 630 1023 375
18555 630 1023 374
18656 631 1023 375
18757 630 1023 374
18857 630 1023 375
18959 630 1023 375
19059 631 1023 375
19161 630 1023 374
19261 630 1023 375
19362 630 1023 374
19463 630 1023 374
19564 630 1023 375
19664 630 1023 374
19766 630 1023 374
19866 630 1023 374
19968 630 1023 374
20068 630 1023 375
20169 630 1023 374
20270 630 1023 374
20371 630 1023 375
20471 630 1023 374
20573 630 1023 374
20673 630 1023 374
20774 630 1023 374
20875 630 1023 374
20976 630 1023 374
21076 630 1023 374
21178 631 1023 374
21278 630 1023 375
21380 631 1023 374
21480 630 1023 375
21581 630 1023 374
21682 630 1023 374
21783 630 1023 375
21883 630 1023 374
21985 630 1023 374
22085 630 1023 374
22187 630 1023 374
22288 630 1023 374
22388 629 1023 374
22490 630 1023 374
22590 630 1023 374
22691 630 1023 375
22792 630 1023 375
22893 630 1023 374
22993 630 1023 375
23095 630 1023 374
23195 630 1023 375
23297 630 1023 374
23397 630 1023 374
23498 631 1023 375
23599 630 1023 374
23700 630 1023 374
23800 630 1023 375
23902 630 1023 374
24002 630 1023 375
24103 630 1023 374
24204 630 1023 374
24305 630 1023 375
24406 630 1023 375
24507 630 1023 375
24607 630 1023 375
24709 631 1023 376
24809 630 1023 375
24910 630 1023 375
25011 630 1023 375
25112 630 1023 375
25212 630 1023 376
25314 630 1023 374
25414 630 1023 375
25516 630 1023 374
25616 630 1023 374
25717 631 1023 375
25819 630 1023 374
25919 630 1023 374
26020 630 1023 372
26121 630 1023 369
26222 630 1023 377
26322 630 1023 376
26424 630 1023 376
26524 630 1023 379
26626 630 1023 380
26726 630 1023 375
26827 630 1023 379
26928 630 1023 375
27029 630 1023 376
27129 630 1023 378
27231 630 1023 376
27331 630 1023 375
27432 630 1023 375
27533 630 1023 377
27634 631 1023 375
27735 631 1023 375
27836 631 1023 375
27936 631 1023 379
28038 631 1023 377
28138 630 1023 374
28239 630 1023 375
28340 630 1023 374
28441 630 1023 377
28541 630 1023 377
28643 630 1023 376
28743 630 1023 376
28845 630 1023 377
28945 630 1023 373
29046 630 1023 376
29147 630 1023 375
29248 630 1023 375
29348 630 1023 374
29450 630 1023 376
29551 630 1023 377
29651 630 1023 375
29753 631 1023 374
29853 631 1023 371
29955 631 1023 375
30055 631 1023 376
30156 632 1023 374
30257 632 1023 373
30358 632 1023 372
30458 632 1023 380
30560 632 1023 369
30660 632 1023 373
30761 632 1023 377
30862 633 1023 370
30963 633 1023 373
31064 633 1023 373
31165 633 1023 372
31265 633 1023 373
31367 633 1023 377
31467 634 1023 369
31568 634 1023 370
31669 634 1023 356
31770 634 1023 366
31870 634 1023 364
31972 634 1023 380
32072 635 1023 382
32174 636 1023 377
32274 636 1023 353
32375 636 1023 361
32476 637 1023 370
32577 637 1023 381
32677 637 1023 369
32779 637 1023 377
32879 637 1023 356
32980 638 1023 361
33081 639 1023 376
33182 639 1023 374
33284 639 1023 375
33384 641 1023 368
33485 641 1023 374
33586 642 1023 373
33687 642 1023 366
33787 642 1023 382
33889 642 1023 376
33989 641 1023 373
34091 642 1023 389
34191 640 1023 387
34292 638 1023 364
34393 636 1023 374
34494 635 1023 376
34594 634 1023 379
34696 634 1023 372
34796 633 1023 370
34897 633 1023 374
34998 633 1023 373
35099 633 1023 372
35200 632 1023 373
35301 632 1023 372
35401 632 1023 373
35503 633 1023 371
35603 632 1023 373
35704 632 1023 373
35805 632 1023 373
35906 632 1023 377
36006 632 1023 373
36108 632 1023 375
36208 632 1023 374
36310 632 1023 374
36410 632 1023 375
36511 632 1023 375
36612 632 1023 375
36713 632 1023 375
36813 632 1023 375
36915 632 1023 375
37016 632 1023 375
37116 632 1023 376
37218 632 1023 375
37318 632 1023 375
37420 631 1023 374
37520 632 1023 374
37621 632 1023 374
37722 632 1023 376
37823 632 1023 375
37923 632 1023 375
38025 631 1023 374
38125 631 1023 375
38226 631 1023 375
38327 631 1023 375
38428 631 1023 375
38529 631 1023 373
38630 631 1023 374
38730 631 1023 371
38832 631 1023 380
38932 631 1023 381
39033 631 1023 371
39134 631 1023 372
39235 631 1023 376
39335 632 1023 379
39437 632 1023 382
39537 631 1023 375
39639 631 1023 375
39739 631 1023 384
39840 631 1016 376
39941 631 913 384
40042 631 775 390
40142 631 726 371
40244 631 702 373
40344 631 727 398
40445 630 1023 358
40546 631 1023 373
40647 631 1023 369
40748 631 1023 369
40849 631 1023 374
40949 631 1023 370
41051 631 1023 378
41152 631 1023 374
41252 631 1023 385
41354 631 1023 369
41454 631 1023 377
41555 631 1023 379
41656 631 1023 376
41757 631 1023 378
41858 631 1023 372
41959 631 1023 374
42059 631 1023 371
42161 631 1023 376
42261 631 1023 373
42362 631 1023 376
42463 631 1023 375
42564 631 1023 376
42664 631 1023 376
42766 631 1023 400
42866 631 1023 377
42968 631 1023 375
43068 631 1023 378
43169 631 1023 377
43270 631 1023 373
43371 631 1023 372
43471 631 1023 376
43573 631 1023 376
43673 631 1023 372
43774 631 1023 378
43875 631 1023 376
43976 631 1023 375
44077 631 1023 378
44178 631 1023 374
44278 631 1023 374
4