=~=~=~=~=~=~=~=~=~=~=~= PuTTY log 2025.04.17 10:21:49 =~=~=~=~=~=~=~=~=~=~=~=
7663 649 1023 401
7763 653 1023 363
7865 646 1023 426
7965 641 1023 372
8067 638 1023 367
8167 637 1023 374
8268 637 1023 378
8369 636 1023 373
8470 636 1023 385
8570 636 1023 378
8672 635 1023 383
8772 635 1023 368
8873 635 1023 373
8974 635 1023 381
9075 635 1023 376
9176 634 1023 374
9277 635 1023 375
9377 634 1023 373
9479 634 1023 373
9579 634 1023 374
9680 634 1023 372
9781 635 1023 372
9882 634 1023 372
9982 634 1023 373
10084 634 1023 373
10184 634 1023 364
10286 634 1023 372
10386 634 1023 374
10487 634 1023 374
10588 634 1023 376
1