=~=~=~=~=~=~=~=~=~=~=~= PuTTY log 2025.04.09 23:11:56 =~=~=~=~=~=~=~=~=~=~=~=
Flex Sensor FSR EMG
433 392 276
332 352 308
313 326 313
309 313 310
306 307 311
303 301 301
301 300 304
300 299 303
297 296 300
291 290 294
287 285 290
284 282 287
284 283 286
281 279 284
277 275 280
272 269 274
269 267 271
268 266 271
267 265 269
264 262 266
258 256 261
255 253 257
253 252 256
253 252 256
251 249 253
246 244 249
242 240 245
241 238 243
240 239 243
239 237 241
235 233 238
230 229 233
228 226 231
229 227 231
227 226 230
225 224 228
220 218 223
218 216 220
217 215 220
218 216 219
216 214 218
211 209 214
208 206 211
207 205 209
208 207 210
207 205 209
203 202 206
200 198 202
198 196 201
199 198 201
198 197 201
196 195 199
192 190 194
190 189 188
190 189 188
191 191 188
189 190 187
185 185 183
183 182 181
182 182 180
184 184 182
183 183 181
180 180 178
177 177 175
176 176 174
177 178 174
177 178 175
175 176 173
172 172 169
170 171 168
171 171 169
172 172 169
171 171 168
168 167 166
166 165 163
165 166 163
167 168 165
167 167 164
164 165 162
161 161 159
161 161 159
162 163 160
162 163 160
161 161 159
158 158 155
157 157 154
158 158 155
159 159 156
158 158 156
155 154 153
153 153 150
153 153 151
155 156 153
155 156 152
153 153 151
151 150 148
150 150 147
152 152 149
152 152 150
151 151 148
148 147 145
147 147 145
149 149 145
149 151 147
149 149 147
146 146 144
145 145 142
145 145 143
147 148 144
147 148 144
145 145 143
143 143 140
142 143 140
145 145 142
146 146 143
144 145 142
141 141 139
141 140 138
142 142 139
143 144 141
143 143 141
140 140 137
139 139 136
140 140 137
142 143 139
142 143 140
140 140 138
138 138 135
138 138 135
140 141 138
141 142 138
140 140 137
137 137 135
137 137 133
138 139 136
140 140 137
139 140 137
136 137 134
135 135 133
137 137 133
138 139 136
138 139 136
137 137 134
134 135 132
135 135 132
137 138 134
138 138 135
136 137 134
134 134 131
133 134 130
136 136 133
137 137 135
137 137 134
133 134 132
133 133 131
134 134 131
136 137 134
137 137 134
135 134 132
132 133 130
133 133 130
135 136 132
136 137 133
135 135 133
133 132 129
132 132 129
134 134 131
135 136 132
135 135 132
132 132 130
131 131 129
132 133 129
134 135 132
135 136 132
132 133 130
131 131 128
131 132 129
134 135 131
134 135 132
133 133 131
131 131 128
130 131 128
133 133 130
134 135 131
133 134 132
131 130 129
130 130 127
131 131 128
134 134 131
133 134 130
131 131 129
130 129 127
130 130 127
132 133 130
133 133 131
132 132 129
129 130 127
130 129 127
131 132 128
133 134 130
132 133 130
130 130 127
129 129 126
130 131 128
133 133 130
133 133 130
130 131 128
129 129 126
129 130 126
132 133 129
132 133 130
131 132 128
128 129 126
129 128 126
131 132 128
132 133 130
132 132 129
129 129 126
128 129 126
130 130 127
132 133 129
132 133 130
130 130 128
129 128 126
129 129 126
132 132 129
132 133 129
130 131 128
128 129 126
129 129 126
131 132 128
133 133 130
133 133 131
131 131 128
130 131 128
132 132 129
134 135 131
134 135 132
132 132 130
131 131 128
131 131 128
134 134 131
135 135 131
132 133 130
131 130 129
131 131 128
133 134 130
135 136 132
135 135 132
131 131 129
131 131 129
133 133 130
136 137 132
136 137 134
134 134 131
133 133 130
134 134 131
138 138 135
139 139 136
137 138 135
135 135 133
135 135 132
138 139 135
140 140 137
139 140 137
136 136 134
136 136 133
137 138 134
140 141 138
140 140 138
137 138 135
136 136 134
137 136 134
139 140 136
139 141 137
138 138 136
136 136 133
136 136 133
138 138 135
139 140 137
138 139 136
136 136 134
136 136 133
137 138 134
140 140 137
139 140 137
137 137 134
136 137 134
137 137 134
139 140 137
140 140 137
139 138 136
136 136 133
136 137 134
139 139 136
140 141 137
140 140 138
138 137 135
137 137 134
138 139 136
141 140 138
140 140 137
133 133 130
134 133 131
135 135 132
138 139 136
141 141 138
139 140 137
138 139 136
140 139 137
142 142 139
141 142 138
140 140 138
137 137 134
136 137 134
138 138 135
139 140 