=~=~=~=~=~=~=~=~=~=~=~= PuTTY log 2025.04.17 10:05:23 =~=~=~=~=~=~=~=~=~=~=~=
5244 629 1023 378
5345 629 1023 374
15101 629 1023 374
15337 629 1023 374
15438 629 1023 375
15539 629 1023 372
15640 629 1023 376
15740 629 1023 374
15842 629 1023 373
15942 629 1023 378
16044 629 1023 377
16145 629 1023 375
16245 629 1023 372
16347 629 1023 374
16447 629 1023 372
16548 629 1023 374
16649 629 1023 373
16750 629 1023 375
16850 629 1023 376
16952 629 1023 370
17052 629 1023 373
17154 629 1023 374
17254 629 1023 373
17355 629 1023 374
17456 629 1023 375
17557 629 1023 375
17657 629 1023 375
17759 629 1023 376
17859 629 1023 376
17960 629 1023 375
18061 629 1023 373
18162 629 1023 376
18263 629 1023 376
18364 629 1023 376
18464 629 1023 371
18566 630 1023 374
18666 629 1023 375
18767 629 1023 373
18868 629 1023 374
18969 629 1023 374
19069 629 1023 378
19171 629 1023 371
19271 629 1023 375
19373 629 1023 373
19473 629 1023 375
19574 629 1023 372
19675 629 1023 376
19776 630 1023 374
19877 629 1023 374
19978 629 1023 378
20079 629 1023 372
20179 629 1023 373
20281 629 1023 375
20381 629 1023 374
20483 629 1023 374
20583 629 1023 372
20684 629 1023 373
20785 629 1023 369
20886 629 1023 372
20986 629 1023 371
21088 629 1023 375
21188 629 1023 373
21289 629 1023 372
21390 629 1023 348
21491 629 1023 372
21592 629 1023 376
21693 629 1023 383
21793 629 1023 370
21895 629 1023 372
21995 628 1023 375
22096 629 1023 384
22197 629 1023 377
22298 629 1023 372
22398 629 1023 382
22500 629 1023 373
22600 629 1023 375
22702 629 1023 386
22802 629 1023 376
22903 629 1023 377
23004 629 1023 371
23105 629 1023 377
23205 629 1023 371
23307 629 1023 385
23408 629 1023 369
23508 629 1023 370
23610 629 1023 368
23710 629 1023 376
23812 629 1023 371
23912 629 1023 382
24013 629 1023 395
24114 629 1023 367
24215 629 1023 375
24315 629 1023 387
24417 629 1018 384
24517 629 964 358
24619 629 834 385
24719 629 646 362
24820 629 536 368
24921 629 492 360
25022 629 466 425
25122 629 447 393
25224 629 435 370
25324 629 428 394
25425 629 418 328
25526 629 412 408
25627 629 407 385
25728 629 402 422
25829 629 395 391
25929 629 390 369
26031 629 387 380
26131 629 386 390
26232 629 385 411
26333 629 385 374
26434 629 384 379
26534 629 383 364
26636 629 383 394
26736 629 382 360
26838 629 382 379
26938 629 381 368
27039 629 380 391
27140 629 383 380
27241 629 381 388
27341 629 382 399
27443 629 382 381
27543 629 382 373
27644 627 382 341
27745 629 385 378
27846 629 387 347
27947 629 391 395
28047 629 395 392
28148 629 392 401
28249 629 396 391
28350 629 400 376
28451 629 414 383
28552 629 456 359
28653 629 617 378
28753 629 883 388
28855 629 1016 359
28955 629 1023 376
29057 629 1020 376
29157 629 1023 372
29258 629 1022 393
29359 629 1023 373
29460 629 1023 377
29560 629 1023 380
29662 629 1023 361
29762 629 1023 375
29863 629 1023 378
29964 630 1023 374
30065 629 1023 375
30166 629 1023 374
30267 629 1023 381
30367 629 1023 380
30469 629 1023 375
30569 629 1023 378
30670 629 1023 382
30771 629 1023 377
30872 629 1023 384
30972 629 1023 371
31074 629 1023 376
31174 629 1023 388
31276 629 1023 378
31376 629 1023 374
31477 629 1023 377
31578 629 1023 376
31679 629 1023 372
31779 629 1023 376
31881 629 1023 377
31981 629 1023 374
32082 629 1023 371
32183 629 1023 371
32284 630 1023 377
32385 630 1023 376
32486 630 1023 374
32586 629 1023 381
32688 630 1023 374
32788 629 1023 372
32889 629 1023 375
32991 629 1023 375
33091 630 1023 358
33192 631 1023 385
33293 632 1023 359
33394 633 1023 379
33495 635 1023 356
33596 636 1023 364
33696 641 1023 337
33798 644 1023 400
33898 647 1023 410
33999 649 1023 289
34100 652 1023 285
34201 653 1023 341
34301 654 1023 380
34403 654 1023 310
34503 656 1023 315
34605 657 1023 336
34705 657 1023 262
34806 658 1023 313
34907 658 1023 361
35008 659 1023 427
35108 661 1023 384
35210 661 1023 395
35310 661 1023 310
35411 661 1023 282
35512 661 1023 391
35613 662 1023 323
35714 661 1023 389
35815 661 1023 395
35915 661 1023 432
36017 661 1023 302
36117 661 1023 420
36218 661 1023 405
36319 660 1023 325
36420 660 1023 407
36520 660 1023 370
36622 660 1023 353
36722 660 1023 370
36824 661 1023 372
36924 660 1023 351
37025 660 1023 390
37126 660 1023 307
37227 660 1023 425
37328 659 1023 302
37429 660 1023 349
37530 661 1023 388
37630 662 1023 477
37732 662 1023 393
37832 661 1023 379
37934 661 1023 334
38034 661 1023 370
38135 660 1023 355
38236 663 1023 406
38337 665 1023 322
38437 665 1023 382
38539 661 1023 383
38639 658 1023 377
38740 655 1023 403
38841 652 1023 406
38942 646 1023 406
39043 643 1023 400
39144 644 1023 358
39244 644 1023 372
39346 645 1023 366
39446 644 1023 379
39547 644 1023 375
39648 644 1023 383
39749 644 1023 378
39849 643 1023 378
39951 643 1023 387
40051 642 1023 395
40153 642 1023 376
40253 642 1023 381
40354 641 1023 377
40455 641 1023 375
40556 641 1023 377
40656 641 1023 381
40758 641 1023 375
40858 640 1023 373
40960 640 1023 376
41060 640 1023 376
4