=~=~=~=~=~=~=~=~=~=~=~= PuTTY log 2025.04.17 10:25:48 =~=~=~=~=~=~=~=~=~=~=~=
9176 631 1023 376
9276 631 1023 375
9377 631 1023 377
9478 631 1023 377
9579 631 1023 374
9679 631 1023 374
9781 631 1023 372
9881 631 1023 377
9982 631 1023 374
10083 631 1023 375
10184 631 1023 375
10285 631 1023 374
10386 631 1023 374
10486 631 1023 375
10588 631 1023 375
10688 630 1023 374
10789 632 1023 375
10890 632 1023 376
10991 632 1023 371
11091 633 1023 358
11193 634 1023 352
11294 635 1023 381
11395 636 1023 376
11496 635 1023 377
11596 636 1023 373
11698 636 1023 373
11798 635 1023 370
11899 634 1023 375
12000 634 1023 372
12101 634 1023 374
12201 634 1023 372
12303 634 1023 373
12403 634 1023 377
12505 634 1023 373
12605 633 1023 370
12706 633 1023 374
12807 633 1023 374
12908 633 1023 372
13008 633 1023 374
13110 633 1023 368
13210 633 1023 376
13312 633 1023 373
13412 633 1023 382
13513 633 1023 371
13614 633 1023 370
13715 633 1023 367
13815 633 1023 375
13917 633 1023 369
14017 632 1023 375
14118 633 1023 371
14219 633 1023 376
14320 633 1023 374
14420 633 1023 370
14522 633 1023 389
14622 633 1023 374
14724 633 1023 383
14825 632 1023 371
14925 632 1023 375
15027 632 1023 374
15127 632 1023 378
15228 632 1023 372
15329 633 1023 384
15430 633 1023 372
15531 633 1023 349
15632 633 1023 379
15732 633 1023 372
15834 633 1023 367
15934 633 1023 367
16035 634 1023 370
16136 636 1023 377
16237 635 1023 373
16337 634 1023 373
16439 634 1023 377
16539 634 1023 375
16641 633 1023 372
16741 633 1023 371
16842 633 1023 376
16943 633 1023 362
17044 632 1023 372
17144 633 1023 387
17246 633 1023 368
17346 632 1023 364
17447 632 1023 376
17548 632 1023 383
17649 632 1023 375
17750 632 1023 369
17851 632 1023 370
17951 632 1023 372
18053 632 982 373
18153 632 920 379
18254 632 774 370
18355 632 656 376
18456 632 628 388
18556 632 890 370
18658 632 1022 376
18758 632 1023 369
18860 632 1023 369
18961 632 1023 377
19061 632 1023 375
19163 632 1023 374
19263 632 1023 370
19364 632 1023 376
19465 632 1023 370
19566 632 1023 372
19666 632 1023 376
19768 632 1023 371
19868 633 1023 385
19970 631 1023 381
20070 632 1023 367
20171 632 1023 372
20272 632 1023 373
20373 632 1023 371
20473 632 1023 375
20575 632 1023 375
20675 632 1016 370
20776 632 971 375
20877 632 933 372
20978 632 952 378
21079 632 902 369
21180 632 860 372
21280 632 834 379
21382 632 805 375
21482 632 784 367
21583 632 791 384
21684 632 776 378
21785 632 733 373
21885 632 699 375
21987 632 934 372
22087 632 1021 376
22189 632 1023 371
22289 632 1023 376
22390 632 1023 380
22491 632 1023 368
22592 632 1023 374
22692 632 1023 374
22794 632 1023 369
22894 631 1023 377
22995 632 1023 374
23096 631 1023 375
23197 631 1023 373
23298 631 1023 373
23399 631 1023 374
23499 631 1023 380
23601 631 1023 377
23701 631 1023 372
23802 631 1023 372
23903 631 1023 373
24004 631 1023 374
24105 631 1023 375
24206 631 1023 375
24307 631 1023 375
24408 631 1023 377
24509 632 1023 372
24609 631 1023 375
24711 631 1023 375
24811 631 1023 382
24912 631 1023 374
25013 631 1023 369
2