=~=~=~=~=~=~=~=~=~=~=~= PuTTY log 2025.04.13 14:21:23 =~=~=~=~=~=~=~=~=~=~=~=
Flex Poor
24232 304 299 293
1 8 0
Flex Poor
24334 304 299 293
1 8 0
Flex Poor
24434 304 299 293
1 8 0
Flex Poor
24536 304 299 293
1 8 0
Flex Poor
24637 304 299 293
1 8 0
Flex Poor
24737 304 299 294
1 8 0
Flex Poor
24839 304 300 294
1 8 0
Flex Poor
24940 304 299 293
1 8 0
Flex Poor
25040 304 299 293
1 8 0
Flex Poor
25142 304 299 293
1 8 0
Flex Poor
25243 305 300 294
1 8 0
Flex Poor
25344 304 299 293
1 8 0
Flex Poor
25445 304 299 293
1 8 0
Flex Poor
25546 304 299 293
1 8 0
Flex Poor
25647 304 299 294
1 8 0
Flex Poor
25748 305 300 294
1 8 0
Flex Poor
25849 305 300 294
1 8 0
Flex Poor
25950 305 300 295
1 8 0
Flex Poor
26051 305 300 294
1 8 0
Flex Poor
26152 305 300 294
1 8 0
Flex Poor
26253 305 300 294
1 8 0
Flex Poor
26354 305 300 294
1 8 0
Flex Poor
26456 305 300 294
1 8 0
Flex Poor
26556 305 300 294
1 8 0
Flex Poor
26657 305 300 294
1 8 0
Flex Poor
26759 307 303 297
1 8 0
Flex Poor
26859 318 316 308
1 8 0
Flex Poor
26960 324 323 315
1 8 0
Flex Poor
27062 313 306 302
1 8 0
Flex Poor
27162 298 291 286
1 8 0
Flex Poor
27264 289 283 278
1 8 0
Flex Poor
27365 296 291 285
1 8 0
Flex Poor
27465 296 291 285
1 8 0
Flex Poor
27567 297 291 286
1 8 0
Flex Poor
27668 298 293 288
1 8 0
Flex Poor
27768 300 295 289
1 8 0
Flex Poor
27870 301 296 290
1 8 0
Flex Poor
27971 302 297 291
1 8 0
Flex Poor
28071 303 298 292
1 8 0
Flex Poor
28173 290 285 279
1 8 0
Flex Poor
28274 286 281 275
1 8 0
Flex Poor
28375 296 291 285
1 8 0
Flex Poor
28476 299 294 288
1 8 0
Flex Poor
28577 300 296 290
1 8 0
Flex Poor
28678 302 297 291
1 8 0
Flex Poor
28779 303 298 292
1 8 0
Flex Poor
28880 303 298 293
1 8 0
Flex Poor
28981 304 299 293
1 8 0
Flex Poor
29082 304 299 293
1 8 0
Flex Poor
29184 290 285 280
1 8 0
Flex Poor
29284 290 285 280
1 8 0
Flex Poor
29385 298 293 287
1 8 0
Flex Poor
29487 300 295 289
1 8 0
Flex Poor
29587 301 296 290
1 8 0
Flex Poor
29688 302 297 291
1 8 0
Flex Poor
29790 303 298 292
1 8 0
Flex Poor
29890 303 298 293
1 8 0
Flex Poor
29991 304 299 293
1 8 0
Flex Poor
30093 304 299 293
1 8 0
Flex Poor
30193 294 289 284
1 8 0
Flex Poor
30295 293 288 282
1 8 0
Flex Poor
30396 293 288 282
1 8 0
Flex Poor
30496 301 296 290
1 8 0
Flex Poor
30598 302 297 291
1 8 0
Flex Poor
30699 303 298 292
1 8 0
Flex Poor
30799 304 299 293
1 8 0
Flex Poor
30901 304 299 293
1 8 0
Flex Poor
31002 304 299 294
1 8 0
Flex Poor
31102 304 300 294
1 8 0
Flex Poor
31204 305 300 294
1 8 0
Flex Poor
31305 305 300 294
1 8 0
Flex Poor
31406 293 288 282
1 8 0
Flex Poor
31507 293 288 283
1 8 0
Flex Poor
31608 300 295 289
1 8 0
Flex Poor
31709 301 296 291
1 8 0
Flex Poor
31810 303 298 292
1 8 0
Flex Poor
31911 303 298 293
1 8 0
Flex Poor
32012 304 299 293
1 8 0
Flex Poor
32113 304 299 293
1 8 0
Flex Poor
32215 304 299 294
1 8 0
Flex Poor
32315 305 300 294
1 8 0
Flex Poor
32416 305 300 294
1 8 0
Flex Poor
32518 305 300 294
1 8 0
Flex Poor
32618 305 300 294
1 8 0
Flex Poor
32719 305 300 294
1 8 0
Flex Poor
32821 305 300 294
1 8 0
Flex Poor
32921 305 300 294
1 8 0
Flex Poor
33022 305 300 294
1 8 0
Flex Poor
33124 305 300 294
1 8 0
Flex Poor
33224 305 300 294
1 8 0
Flex Poor
33326 305 300 294
1 8 0
Flex Poor
33427 305 300 294
1 8 0
Flex Poor
33527 305 300 294
1 8 0
Flex Poor
33629 292 287 281
1 8 0
Flex Poor
33730 291 287 281
1 8 0
Flex Poor
33830 292 287 281
1 8 0
Flex Poor
33932 292 288 282
1 8 0
Flex Poor
34033 293 288 282
1 8 0
Flex Poor
34134 294 289 283
1 8 0
Flex Poor
34235 294 289 284
1 8 0
Flex Poor
34336 301 296 290
1 8 0
Flex Poor
34437 302 298 292
1 8 0
Flex Poor
34538 303 298 293
1 8 0
Flex Poor
34639 304 299 293
1 8 0
Flex Poor
34740 304 300 294
1 8 0
Flex Poor
34841 305 300 294
1 8 0
Flex Poor
34942 305 300 294
1 8 0
Flex Poor
35043 305 300 294
1 8 0
Flex Poor
35144 305 300 294
1 8 0
Flex Poor
35246 305 300 294
1 8 0
Flex Poor
35346 305 300 294
1 8 0
Flex Poor
35447 305 300 294
1 8 0
Flex Poor
35549 305 300 295
1 8 0
Flex Poor
35649 305 300 294
1 8 0
Flex Poor
35750 305 300 294
1 8 0
Flex Poor
35852 305 300 294
1 8 0
Flex Poor
35952 305 300 294
1 8 0
Flex Poor
36054 305 300 294
1 8 0
Flex Poor
36155 305 300 294
1 8 0
Flex Poor
36255 305 300 294
1 8 0
Flex Poor
36357 305 300 294
1 8 0
Flex Poor
36458 305 300 294
1 8 0
Flex Poor
36558 304 299 294
1 8 0
Flex Poor
36660 304 298 293
1 8 0
Flex Poor
36761 304 299 293
1 8 0
Flex Poor
36861 305 300 294
1 8 0
Flex Poor
36963 305 300 294
1 8 0
Flex Poor
37064 305 300 294
1 8 0
Flex Poor
37165 305 300 294
1 8 0
Flex Poor
37266 305 300 294
1 8 0
Flex Poor
37367 305 300 294
1 8 0
Flex Poor
37468 305 300 294
1 8 0
Flex Poor
37569 305 300 294
1 8 0
Flex Poor
37670 305 300 294
1 8 0
Flex Poor
37771 305 300 294
1 8 0
Flex Poor
37872 305 300 294
1 8 0
Flex Poor
37974 305 300 294
1 8 0
F