=~=~=~=~=~=~=~=~=~=~=~= PuTTY log 2025.04.17 10:36:24 =~=~=~=~=~=~=~=~=~=~=~=
11596 628 1023 375
11697 628 1023 375
11798 628 1023 376
11898 628 1023 376
12000 628 1023 377
12100 628 1023 378
12201 628 1023 377
12302 628 1023 378
12403 628 1023 378
12504 629 1023 377
12605 628 1023 376
12705 628 1023 377
12807 629 1023 377
12907 628 1023 376
13008 628 1023 375
13109 628 1023 375
13210 628 1023 375
13310 628 1023 374
13412 628 1023 374
13512 628 1023 371
13614 629 1023 374
13714 628 1023 361
13815 628 1023 371
13916 628 1023 374
14017 628 1023 376
14117 628 1023 376
14219 628 1023 377
14319 629 1023 378
14420 628 1023 382
14521 628 1023 382
14622 628 1023 384
14724 628 1023 384
14824 628 1023 376
14925 628 1023 383
15026 628 1023 381
15127 628 1023 384
15227 628 1023 381
15329 628 1023 380
15429 628 1023 379
15531 628 1023 382
15631 628 1023 377
15732 629 1023 374
15833 629 1023 375
15934 629 1023 377
16034 629 1023 375
16136 630 1023 362
16236 630 1023 349
16337 631 1023 365
16438 632 1023 373
16539 635 1023 364
16640 639 1023 372
16741 635 1023 374
16841 636 1023 369
16943 635 1023 368
17043 633 1023 371
17144 633 1023 370
17245 632 1023 378
17346 631 1023 382
17446 631 1023 374
17548 631 1023 373
17648 631 1023 378
17750 630 1023 373
17850 630 1023 376
17951 630 1023 371
18052 630 1023 372
18153 630 1023 374
18253 630 1023 382
18355 630 1023 367
18456 630 1023 374
18556 630 1023 367
18658 630 1023 375
18758 630 1023 373
18860 630 1023 373
18960 630 1023 372
19061 630 1023 372
19162 630 1019 368
19263 630 1008 373
19363 629 978 367
19465 630 937 383
19565 629 895 384
19666 629 862 380
19767 629 823 375
19868 629 771 377
19969 629 727 380
20070 629 695 384
20170 629 682 382
20272 629 674 375
20372 629 652 384
20473 629 626 377
20574 629 615 386
20675 629 607 382
20775 629 615 385
20877 629 594 376
20977 629 576 367
21079 629 554 372
21179 629 547 368
21280 629 537 376
21381 629 539 378
21482 629 773 375
21582 629 1020 373
21684 629 1023 376
21784 629 1023 381
21885 629 1023 383
21986 629 1023 361
22087 629 1023 369
22188 629 1023 384
22289 629 1023 369
22389 629 1023 372
22491 629 1023 374
22591 629 1023 369
22692 629 1023 380
22793 629 1023 385
22894 629 1023 377
22994 629 1023 371
23096 629 1023 374
23196 629 1023 383
23298 629 1023 380
23398 629 1023 375
23499 629 1023 375
23600 629 1023 376
23701 629 1023 374
23801 629 1023 376
23903 629 1023 372
24003 629 1023 374
24104 629 1023 377
2