=~=~=~=~=~=~=~=~=~=~=~= PuTTY log 2025.04.17 10:14:17 =~=~=~=~=~=~=~=~=~=~=~=
64176 632 1023 374
64276 632 1023 373
75240 632 1023 374
75490 632 1023 374
75591 632 1023 373
75692 632 1023 373
75793 632 1023 376
75893 632 1023 375
75995 632 1023 375
76095 632 1023 376
76196 632 1023 376
76297 632 1023 375
76398 632 1023 375
76498 632 1023 375
76600 632 1023 374
76700 632 1023 375
76802 632 1023 374
76903 632 1023 374
77003 632 1023 374
77105 632 1023 374
77205 632 1023 374
77306 632 1023 374
77407 632 1023 374
77508 632 1023 374
77608 632 1023 376
77710 632 1023 377
77810 632 1023 373
77912 632 1023 375
78012 632 1023 373
78113 632 1023 375
78214 631 1023 376
78315 632 1023 375
78415 632 1023 375
78517 632 1023 375
78617 632 1023 375
78718 632 1023 374
78819 632 1023 374
78920 632 1023 374
79021 632 1023 374
79122 632 1023 374
79222 632 1023 376
79324 632 1023 375
79424 632 1023 375
79525 632 1023 375
79626 631 1023 375
79727 632 1023 375
79827 632 1023 375
79929 632 1023 376
80029 632 1023 375
80131 632 1023 375
80231 632 1023 375
80332 632 1023 375
80433 632 1023 374
80534 632 1023 374
80634 632 1023 374
80736 632 1023 374
80837 632 1023 374
80937 632 1023 375
81039 632 1023 374
81139 633 1023 374
81241 632 1023 375
81341 632 1023 375
81442 632 1023 375
81543 632 1023 376
81644 632 1023 376
81744 632 1023 375
81846 632 1023 375
81946 632 1023 376
82048 632 1023 375
82148 632 1023 374
82249 632 1023 374
82350 632 1023 374
82451 632 1023 374
82551 632 1023 374
82653 632 1023 374
82753 632 1023 374
82854 632 1023 374
82955 632 1023 374
83056 632 1023 375
83156 632 1023 375
8