=~=~=~=~=~=~=~=~=~=~=~= PuTTY log 2025.04.17 10:13:51 =~=~=~=~=~=~=~=~=~=~=~=
2722 633 1023 391
2824 633 1023 379
49393 632 1023 370
49548 632 1023 380
49649 632 1023 359
49750 632 1023 379
49851 632 1023 381
49951 632 1023 372
50053 632 1023 381
50153 632 1023 377
50254 632 1023 379
50355 632 1023 364
50456 632 1023 374
50556 632 1023 378
50658 632 1023 382
50758 632 1023 383
50860 632 1023 365
50960 632 1023 372
51061 632 1023 375
51162 632 1023 376
51263 632 1023 374
51363 632 1023 408
51465 632 1023 368
51565 632 1023 384
51666 632 1023 365
51767 632 1023 373
51868 631 1023 376
51969 632 1023 375
52070 632 1023 314
52170 632 1023 375
52272 632 1023 373
52372 632 1023 374
52473 632 1023 359
52574 632 1023 359
52675 632 1023 369
52776 632 1023 381
52877 632 1023 429
52978 632 1023 367
53079 632 1023 341
53180 632 1023 373
53280 632 1023 377
53382 633 1023 359
53482 632 1023 359
53583 632 1023 376
53684 632 1023 376
53785 632 1023 376
53885 632 1023 375
53987 632 1023 373
54087 632 1023 365
54189 632 1023 380
54289 632 1023 372
54390 632 1023 374
54491 632 1023 371
54592 632 1023 364
54692 633 1023 373
54794 632 1023 374
54894 632 1023 379
54995 632 1023 375
55096 632 1023 373
55197 632 1023 376
55298 632 1023 373
55399 632 1023 363
55499 632 1023 380
55601 632 1023 384
55701 632 1023 368
55802 632 1023 382
55903 632 1023 376
56004 632 1023 382
56104 632 1023 382
56206 632 1023 386
56307 632 1023 372
56408 632 1023 363
56509 632 1023 367
56609 632 1023 376
56711 632 1023 376
56811 632 1023 375
56912 632 1023 372
57013 632 1023 369
57114 632 1023 369
57214 632 1023 372
57316 632 1023 373
57416 632 1023 374
57518 632 1023 376
57618 632 1023 370
57719 632 1023 380
57820 631 1023 369
57921 632 1023 375
58021 632 1023 376
58123 632 1023 376
58223 632 1023 374
58324 632 1023 375
58425 632 1023 373
58526 632 1023 374
58627 632 1023 374
58728 632 1023 374
58828 632 1023 374
58930 632 1023 373
59030 632 1023 375
59131 632 1023 374
59232 632 1023 376
59333 632 1023 376
59433 632 1023 375
59535 632 1023 382
59635 632 1023 380
59737 632 1023 370
59837 632 1023 373
59938 632 1023 380
60040 632 1023 369
60140 632 1023 360
60241 632 1023 367
60342 632 1023 378
60443 632 1023 377
60544 632 1023 373
60645 632 1023 374
60745 632 1023 373
60847 632 1023 372
60947 632 1023 373
61048 632 1023 368
61149 632 1023 377
61250 632 1023 374
61350 632 1023 375
61452 632 1023 374
61552 632 1023 376
61654 632 1023 376
61754 632 1023 379
61855 632 1023 376
61956 632 1023 373
62057 632 1023 376
62157 632 1023 374
62259 632 1023 375
62359 632 1023 372
62460 632 1023 375
62561 632 1023 375
62662 632 1023 374
627