=~=~=~=~=~=~=~=~=~=~=~= PuTTY log 2025.04.17 10:28:15 =~=~=~=~=~=~=~=~=~=~=~=
3428 630 1023 375
3529 630 1023 375
3630 630 1023 375
3731 630 1023 374
3831 631 1023 374
3933 630 1023 374
4033 630 1023 374
4134 630 1023 375
4235 630 1023 374
4336 630 1023 374
4436 630 1023 374
4538 630 1023 374
4638 630 1023 374
4740 630 1023 374
4840 630 1023 374
4941 630 1023 374
5042 630 1023 374
5143 630 1023 131
5243 630 1023 378
5345 630 1023 375
5445 630 1023 374
5547 630 1023 374
5647 630 1023 374
5748 630 1023 374
5849 630 1023 374
5949 630 1023 376
6050 630 1023 375
6151 630 1023 375
6252 630 1023 376
6352 630 1023 377
6454 630 1023 377
6554 631 1023 376
6656 630 1023 377
6756 630 1023 378
6857 630 1023 380
6958 630 1023 382
7059 630 1023 379
7159 630 1023 380
7261 630 1023 376
7361 630 1023 378
7462 630 1023 375
7563 630 1023 375
7664 630 1023 372
7764 631 1023 371
7866 632 1023 374
7966 633 1023 389
8068 634 1023 371
8168 633 1023 366
8269 634 1023 372
8370 634 1023 379
8471 633 1023 374
8571 633 1023 378
8673 633 1023 538
8773 633 1023 362
8875 633 1023 362
8975 633 1023 381
9076 633 1023 375
9177 634 1023 373
9278 635 1023 390
9378 635 1023 375
9480 635 1023 373
9580 635 1023 375
9681 634 1023 370
9782 633 1023 373
9883 632 1023 373
9984 631 1023 376
10085 631 1023 374
10185 631 1023 373
10287 631 1023 375
10387 631 1023 372
10488 631 1023 371
10589 631 1023 370
10690 631 1023 370
10790 630 1023 373
10892 630 1023 376
10992 630 1023 374
11094 630 1023 374
11194 630 1023 373
11295 630 1023 374
11396 630 1023 373
11497 630 1023 374
11597 630 1023 374
11699 630 1023 375
11799 630 1023 376
11900 630 1023 375
12001 630 1023 375
12102 630 1023 374
12203 630 1023 375
12304 630 1023 374
12404 630 1023 374
12506 630 1023 375
12606 630 1023 375
12707 630 1023 375
12808 630 1023 375
12909 630 1023 375
13009 630 1023 375
13111 630 1023 375
13212 630 1023 375
13313 630 1023 375
13414 630 1023 375
13514 629 1023 375
13616 630 1023 373
13716 630 1023 382
13817 630 1023 374
13918 630 1023 374
14019 630 1023 383
14119 630 1023 365
14221 630 1023 372
14321 629 1023 382
14423 630 1023 375
14523 630 1023 374
14624 630 1023 376
14725 630 1023 375
14826 630 1023 377
14926 630 1023 360
15028 629 1023 370
1