=~=~=~=~=~=~=~=~=~=~=~= PuTTY log 2025.04.17 10:35:41 =~=~=~=~=~=~=~=~=~=~=~=
7058 629 1023 375
7159 629 1023 376
7260 629 1023 374
7361 629 1023 374
7461 629 1023 372
7563 630 1023 375
7663 629 1023 375
7764 629 1023 375
7865 629 1023 375
7966 629 1023 375
8067 629 1023 372
8168 629 1023 377
8268 629 1023 376
8370 629 1023 381
8470 629 1023 380
8570 629 1023 378
8672 630 1023 381
8772 630 1023 375
8873 629 1023 382
8974 629 1023 380
9075 629 1023 381
9176 629 1023 369
9277 629 1023 377
9377 629 1023 377
9479 629 1023 382
9579 629 1023 378
9680 629 1023 377
9781 629 1023 380
9882 629 1023 374
9982 629 1023 379
10084 629 1023 384
10184 629 1023 380
10286 630 1023 374
10386 630 1023 374
10487 630 1023 369
10588 630 1023 367
10689 630 1023 393
10789 630 1023 362
10891 631 1023 396
10991 631 1023 367
11092 631 1023 389
11194 631 1023 384
11294 631 1023 381
11396 631 1023 368
11496 631 1023 371
11597 631 1023 364
11698 631 1023 374
11799 632 1023 364
11899 632 1023 367
12001 632 1023 389
12101 632 1023 396
12203 632 1023 380
12303 632 1023 374
12404 632 1023 405
12505 632 1023 387
12606 632 1023 362
12706 634 1023 389
12808 634 1023 377
12908 636 1023 363
13009 637 1023 366
13110 638 1023 376
13211 638 1023 356
13312 639 1023 361
13413 638 1023 363
13513 636 1023 384
13615 635 1023 370
13715 632 1023 379
13816 631 1023 367
13917 630 1023 374
14018 631 1023 367
14118 630 1023 377
14220 630 1023 378
14320 630 1023 376
14422 630 1023 370
14522 630 1023 373
14623 630 1023 389
14724 630 1023 371
14825 630 1023 373
14926 630 1023 372
15027 630 1023 376
15128 630 1023 373
15228 630 1023 369
15330 630 1023 373
15430 630 1023 379
15532 629 1023 371
15632 630 1023 375
15733 630 1023 379
15834 630 1023 375
15935 629 1023 384
16035 629 1023 374
16137 629 1023 376
16237 629 1023 376
16338 629 1023 378
16439 629 1023 374
16540 629 1023 372
16641 629 1023 374
16742 629 1023 375
16842 629 1023 369
16944 629 1023 372
17044 629 1023 376
17145 629 1023 371
17246 629 1023 374
17347 629 1023 375
17447 629 1023 376
17549 629 1023 375
17649 629 1023 376
17751 629 1023 375
17851 629 1023 373
17952 629 1023 371
18053 629 1023 374
18154 629 1023 374
18254 629 1023 377
18356 629 1023 373
18456 629 1023 369
18557 629 1023 370
18658 629 1023 373
18759 630 1023 374
18860 629 1023 372
18961 629 1023 374
19061 629 1023 370
19163 629 1023 367
19264 629 1023 374
19364 629 1023 391
19466 629 1023 374
19566 629 1023 371
19667 629 1023 375
19768 629 1023 376
19869 629 1008 386
19970 629 997 378
20071 629 987 375
20171 629 959 368
20273 629 923 376
20373 629 888 372
20474 629 862 370
20575 629 854 372
20676 629 847 368
20776 629 840 378
20878 629 828 372
20978 629 812 370
21080 629 820 384
21180 629 1017 371
21281 629 1023 374
21382 629 1023 376
21483 629 1023 379
21583 629 1023 376
21685 629 1023 378
21785 629 1023 377
21886 629 1023 379
21987 629 1023 375
22088 629 1023 374
22189 629 1023 388
22290 629 1023 374
22390 629 1023 378
22492 629 1023 377
22592 629 1023 381
22693 629 1023 376
22794 629 1023 375
22895 629 1023 377
22995 629 1023 373
23097 629 1023 375
23197 629 1023 375
23299 629 1023 377
23399 629 1023 375
23500 629 1023 373
23601 629 1023 376
23702 629 1023 375
23802 629 1023 378
23904 629 1023 376
2