=~=~=~=~=~=~=~=~=~=~=~= PuTTY log 2025.04.17 10:34:01 =~=~=~=~=~=~=~=~=~=~=~=
7260 630 1023 376
7361 630 1023 374
7461 630 1023 376
7563 630 1023 374
7663 630 1023 375
7764 630 1023 399
7865 630 1023 371
7966 630 1023 374
8067 630 1023 374
8167 630 1023 366
8268 630 1023 374
8369 630 1023 374
8470 630 1023 374
8570 630 1023 374
8672 630 1023 375
8772 630 1023 375
8873 630 1023 376
8974 630 1023 375
9075 630 1023 374
9176 630 1023 374
9277 630 1023 377
9377 630 1023 373
9479 630 1023 373
9579 630 1023 377
9680 630 1023 375
9781 630 1023 373
9882 629 1023 374
9982 630 1023 375
10084 630 1023 376
10184 630 1023 376
10286 630 1023 374
10386 630 1023 376
10487 630 1023 378
10588 630 1023 377
10689 630 1023 376
10789 630 1023 376
10891 630 1023 377
10991 630 1023 376
11092 630 1023 376
11193 629 1023 376
11294 630 1023 376
11395 630 1023 376
11496 630 1023 377
11596 630 1023 379
11698 630 1023 378
11799 630 1023 378
11899 630 1023 378
12001 630 1023 378
12101 630 1023 377
12203 630 1023 376
12303 630 1023 374
12404 630 1023 371
12505 630 1023 343
12606 630 1023 373
12706 630 1023 375
12808 630 1023 377
12908 630 1023 377
13009 630 1023 378
13110 630 1023 376
13211 630 1023 376
13312 630 1023 379
13413 630 1023 384
13513 630 1023 380
13615 630 1023 381
13715 630 1023 377
13816 630 1023 376
13917 630 1023 381
14018 630 1023 375
14118 630 1023 377
14220 630 1023 381
14320 630 1023 378
14422 630 1023 377
14522 630 1023 378
14623 630 1023 377
14724 630 1023 377
14825 630 1023 375
14925 630 1023 374
15027 630 1023 376
15127 630 1023 376
15228 630 1023 375
15329 630 1023 375
15430 630 1023 374
15532 630 1023 374
15632 630 1023 371
15733 630 1023 373
15834 631 1023 374
15935 630 1023 372
16035 630 1023 376
16137 630 1023 374
16237 630 1023 375
16338 630 1023 375
16439 630 1023 376
16540 630 1023 376
16641 630 1023 378
16742 630 1023 375
16842 630 1023 374
16944 630 1023 377
17044 630 1023 389
17145 630 1023 373
17246 630 1023 381
17347 631 1023 366
17447 631 1023 386
17549 632 1023 376
17649 632 1023 374
17751 632 1023 392
17851 632 1023 368
17952 633 1023 355
18053 634 1023 356
18154 633 1023 374
18254 634 1023 379
18356 634 1023 384
18456 634 1023 368
18557 633 1023 384
18658 633 1023 372
18759 634 1023 369
18860 634 1023 359
18961 634 1023 358
19061 634 1023 369
19163 635 1023 356
19263 635 1023 368
19364 636 1023 389
19466 636 1023 373
19566 637 1023 376
19667 637 1023 392
19768 638 1023 375
19869 638 1023 384
19970 638 1023 368
20071 639 1023 375
20171 640 1023 359
20273 640 1023 384
20373 641 1023 382
20474 641 1023 373
20575 640 1023 373
20676 637 1023 387
20776 635 1023 368
20878 634 1023 364
20978 633 1023 365
21080 632 1023 368
21180 632 1023 375
21281 632 1023 367
21382 632 1023 372
21483 631 1023 373
21583 631 1023 372
21685 631 1023 369
21785 631 1023 375
21886 631 1023 374
21987 631 1023 377
22088 631 1023 373
22189 631 1023 373
22290 631 1023 378
22390 631 1023 370
22492 631 1023 360
22592 631 1023 377
22693 631 1023 376
22794 631 1023 373
22895 631 1023 378
22995 630 1023 380
23097 631 1023 375
23198 631 1022 380
23299 631 1021 379
23400 631 1021 372
23500 630 990 375
23602 631 898 375
23702 631 848 369
23803 630 819 384
23904 630 785 379
24005 630 747 374
24105 630 711 372
24207 630 686 374
24307 630 660 376
24409 630 634 365
24509 630 611 374
24610 630 594 386
24711 630 582 385
24812 630 573 368
24912 630 565 401
25014 630 557 372
25114 630 553 362
25216 630 554 364
25316 630 549 374
25417 630 555 370
25518 630 568 369
25619 630 617 366
25719 631 818 339
25821 630 961 375
25921 631 1019 382
26022 631 1023 373
26123 631 1023 379
26224 630 1023 382
26324 631 1023 377
26426 630 1023 381
26526 630 1023 365
26628 630 1023 373
26728 630 1023 386
26829 630 1023 375
26930 630 1023 374
27031 630 1023 375
27131 630 1023 373
27233 630 1023 373
27333 630 1023 384
27435 629 1023 377
27535 630 1023 376
27636 630 1023 374
27737 630 1023 374
27838 630 1023 374
27938 630 1023 371
28040 630 1023 374
28140 630 1023 375
28241 630 1023 369
28342 630 1023 374
28443 630 1023 378
28544 630 1023 376
28645 630 1023 373
28745 630 1023 374
28847 630 1023 374
28947 630 1023 373
29048 630 1023 376
29149 630 1023 374
29250 630 1023 380
29350 630 1023 373
29452 631 1023 376
29552 630 1023 374
29654 630 1023 375
29755 630 1023 377
29855 630 1023 374
29957 630 1023 375
30057 630 1023 375
30158 630 1023 378
30259 630 1023 375
30360 630 1023 381
30460 630 1023 376
30562 630 1023 376
306